,,CLASS 1 (clean images),,,,OCCLUSION 0,,,,OCCLUSION 10,,,,OCCLUSION 20,,,,OCCLUSION 30,,,,OCCLUSION 40,,,,OCCLUSION 50,,,,OCCLUSION 60,,,,OCCLUSION 70,,,,OCCLUSION 80,,,,OCCLUSION 90,,,
layer,head,patch_common_features_cls1,patch_count_cls1,cls_common_features_cls1,cls_count_cls1,patch_common_features,patch_count_,cls_common_features,cls_count,patch_common_features,patch_count,cls_common_features,cls_count,patch_common_features,patch_count,cls_common_features,cls_count,patch_common_features,patch_count,cls_common_features,cls_count,patch_common_features,patch_count,cls_common_features,cls_count,patch_common_features,patch_count,cls_common_features,cls_count,patch_common_features,patch_count,cls_common_features,cls_count,patch_common_features,patch_count,cls_common_features,cls_count,patch_common_features,patch_count,cls_common_features,cls_count,patch_common_features,patch_count,cls_common_features,cls_count
0,0,"[2, 12, 15, 25, 27, 37, 45, 46]",8,"[2, 12, 25, 37, 45, 46]",6,"[2, 12, 15, 25, 27, 37, 45, 46]",8,"[2, 12, 25, 37, 45, 46]",6,"[2, 12, 15, 25, 37, 45, 46]",7,"[2, 25, 37, 45, 46]",5,"[2, 12, 25, 37, 45, 46]",6,"[2, 25, 37, 45, 46]",5,"[2, 12, 25, 37, 45, 46]",6,"[2, 25, 37, 45, 46]",5,"[2, 12, 25, 37, 45, 46]",6,"[2, 25, 37, 45, 46]",5,"[2, 25, 37, 45, 46]",5,"[2, 25, 37, 45, 46]",5,"[2, 25, 37, 45, 46]",5,"[2, 25, 37, 45, 46]",5,"[2, 25, 37, 45, 46]",5,"[2, 25, 37, 45, 46]",5,"[2, 25, 37, 45, 46]",5,"[2, 25, 37, 45, 46]",5,"[2, 25, 45, 46]",4,"[2, 25, 37, 45, 46]",5
0,1,"[3, 10, 16, 22, 24, 26, 31, 32, 34, 61]",10,"[3, 24, 25, 27, 29, 31, 32, 46, 60, 61]",10,"[3, 10, 16, 22, 24, 26, 31, 32, 34, 61]",10,"[3, 24, 25, 27, 29, 31, 32, 46, 60, 61]",10,"[3, 10, 16, 22, 24, 26, 31, 32, 34, 61]",10,"[3, 24, 25, 27, 29, 31, 32, 46, 60, 61]",10,"[3, 10, 16, 22, 24, 26, 31, 32, 34, 61]",10,"[3, 24, 25, 27, 29, 31, 32, 46, 60, 61]",10,"[3, 10, 16, 22, 24, 26, 31, 32, 34, 61]",10,"[3, 24, 25, 27, 29, 31, 32, 46, 60, 61]",10,"[3, 10, 16, 22, 24, 26, 31, 32, 34, 61]",10,"[3, 24, 25, 29, 31, 32, 46, 60, 61]",9,"[3, 10, 16, 22, 24, 26, 31, 32, 34, 61]",10,"[3, 24, 25, 31, 32, 46, 60, 61]",8,"[3, 10, 16, 22, 24, 26, 31, 32, 34, 61]",10,"[3, 24, 25, 31, 32, 46, 60, 61]",8,"[3, 10, 16, 22, 24, 26, 31, 32, 34, 61]",10,"[3, 24, 25, 29, 31, 32, 46, 60, 61]",9,"[3, 10, 16, 22, 24, 26, 31, 32, 34, 61]",10,"[3, 24, 25, 29, 31, 32, 46, 60, 61]",9,"[3, 10, 16, 22, 24, 26, 31, 32, 34, 61]",10,"[3, 24, 25, 29, 31, 32, 46, 60, 61]",9
0,2,"[12, 18, 19, 55]",4,"[19, 55]",2,"[12, 18, 19, 55]",4,"[19, 55]",2,"[12, 18, 19, 55]",4,"[19, 55]",2,"[12, 18, 19, 55]",4,"[19, 55]",2,"[12, 18, 19, 55]",4,"[19, 55]",2,"[12, 18, 19, 55]",4,"[19, 55]",2,"[12, 18, 19, 55]",4,"[19, 55]",2,"[18, 19, 55]",3,"[19, 55]",2,"[18, 19, 55]",3,"[19, 55]",2,"[18, 19, 55]",3,"[19, 55]",2,"[18, 19]",2,"[19, 55]",2
0,3,"[6, 7, 13, 23, 40, 41, 61]",7,"[6, 7, 13, 23, 38, 40, 41, 54, 61]",9,"[6, 7, 13, 23, 40, 41, 61]",7,"[6, 7, 13, 23, 38, 40, 41, 54, 61]",9,"[6, 7, 13, 23, 40, 41, 61]",7,"[6, 7, 13, 23, 38, 40, 41, 54, 61]",9,"[6, 7, 13, 23, 40, 41, 61]",7,"[6, 7, 13, 23, 38, 40, 41, 54, 61]",9,"[6, 7, 13, 23, 40, 41, 61]",7,"[6, 7, 13, 23, 38, 40, 41, 54, 61]",9,"[6, 7, 13, 23, 40, 41, 61]",7,"[6, 7, 13, 23, 38, 40, 41, 54, 61]",9,"[6, 7, 13, 23, 40, 41, 61]",7,"[6, 7, 13, 23, 38, 40, 41, 54, 61]",9,"[6, 7, 13, 23, 40, 41, 61]",7,"[6, 7, 13, 23, 38, 40, 41, 54, 61]",9,"[6, 7, 13, 23, 40, 41, 61]",7,"[6, 7, 13, 23, 38, 40, 41, 54, 61]",9,"[6, 7, 13, 23, 40, 41, 61]",7,"[6, 7, 13, 23, 38, 40, 41, 54, 61]",9,"[6, 7, 13, 23, 40, 41, 61]",7,"[6, 7, 13, 23, 38, 40, 41, 54, 61]",9
0,4,"[8, 25, 33, 46, 58]",5,"[8, 33, 46, 58]",4,"[8, 25, 33, 46, 58]",5,"[8, 33, 46, 58]",4,"[8, 25, 33, 46, 58]",5,"[8, 33, 46, 58]",4,"[8, 25, 33, 46, 58]",5,"[8, 33, 46, 58]",4,"[8, 25, 33, 46, 58]",5,"[8, 33, 46, 58]",4,"[8, 25, 33, 46, 58]",5,"[8, 33, 46, 58]",4,"[8, 25, 33, 46, 58]",5,"[8, 33, 46, 58]",4,"[8, 25, 33, 46, 58]",5,"[8, 33, 46, 58]",4,"[8, 25, 33, 46, 58]",5,"[8, 33, 46, 58]",4,"[8, 25, 33, 46, 58]",5,"[8, 33, 46, 58]",4,"[8, 25, 33, 46, 58]",5,"[8, 33, 46, 58]",4
0,5,"[0, 2, 13, 16, 29, 40, 46, 47, 62]",9,"[0, 2, 13, 16, 29, 40, 46, 62]",8,"[0, 2, 13, 16, 29, 40, 46, 47, 62]",9,"[0, 2, 13, 16, 29, 40, 46, 62]",8,"[0, 2, 13, 16, 29, 40, 46, 47, 62]",9,"[0, 2, 13, 16, 29, 40, 46]",7,"[0, 2, 13, 16, 29, 40, 46, 47, 62]",9,"[0, 2, 13, 16, 29, 40, 46]",7,"[0, 2, 13, 16, 29, 40, 46, 47]",8,"[0, 2, 13, 16, 29, 40, 46]",7,"[0, 2, 13, 16, 29, 40, 46, 47]",8,"[0, 2, 13, 16, 29, 40, 46]",7,"[0, 2, 13, 16, 29, 40, 46, 47]",8,"[0, 2, 13, 16, 29, 40, 46]",7,"[0, 2, 13, 16, 29, 40, 46, 47]",8,"[0, 2, 13, 16, 29, 40, 46]",7,"[0, 2, 13, 16, 29, 40, 46, 47]",8,"[0, 2, 13, 16, 29, 40, 46]",7,"[0, 2, 13, 16, 29, 40, 46, 47]",8,"[0, 2, 13, 16, 29, 40, 46]",7,"[0, 2, 13, 16, 29, 40, 46, 47]",8,"[0, 2, 13, 16, 29, 40, 46]",7
0,6,"[11, 18, 34, 43, 59, 60, 61]",7,"[11, 18, 43, 58, 59, 60, 61]",7,"[11, 18, 34, 43, 59, 60, 61]",7,"[11, 18, 43, 58, 59, 60, 61]",7,"[11, 18, 43, 59, 60, 61]",6,"[11, 18, 43, 58, 59, 60, 61]",7,"[11, 18, 43, 59, 60]",5,"[11, 18, 43, 58, 59, 60, 61]",7,"[11, 18, 43, 59, 60]",5,"[11, 18, 43, 58, 59, 60]",6,"[11, 18, 43, 59, 60]",5,"[11, 18, 43, 58, 59, 60]",6,"[11, 18, 43, 59, 60]",5,"[11, 18, 43, 58, 59, 60]",6,"[11, 18, 43, 59, 60]",5,"[11, 18, 43, 58, 59, 60]",6,"[11, 18, 43, 59, 60]",5,"[11, 18, 43, 58, 59, 60]",6,"[11, 18, 43, 59, 60]",5,"[11, 18, 43, 58, 59, 60]",6,"[11, 18, 43, 59, 60]",5,"[11, 18, 43, 58, 59, 60]",6
0,7,"[2, 4, 7, 12, 21, 27, 29, 37, 40, 63]",10,"[2, 4, 7, 12, 21, 27, 29, 37, 40, 63]",10,"[2, 4, 7, 12, 21, 27, 29, 37, 40, 63]",10,"[2, 4, 7, 12, 21, 27, 29, 37, 40, 63]",10,"[2, 4, 7, 12, 21, 27, 29, 37, 40, 63]",10,"[2, 4, 7, 12, 21, 27, 29, 37, 40, 63]",10,"[2, 4, 7, 12, 21, 27, 29, 37, 40, 63]",10,"[2, 4, 7, 12, 21, 27, 29, 37, 40, 63]",10,"[2, 4, 7, 12, 21, 27, 29, 37, 40, 63]",10,"[2, 4, 7, 12, 21, 27, 29, 37, 40, 63]",10,"[2, 4, 7, 12, 21, 27, 29, 37, 40, 63]",10,"[2, 4, 7, 12, 21, 27, 29, 37, 40, 63]",10,"[2, 4, 7, 12, 21, 27, 29, 37, 40, 63]",10,"[2, 4, 7, 12, 21, 27, 29, 37, 40, 63]",10,"[2, 4, 7, 12, 21, 27, 29, 37, 40, 63]",10,"[2, 4, 7, 12, 21, 27, 29, 37, 40, 63]",10,"[2, 4, 7, 12, 21, 27, 29, 37, 40, 63]",10,"[2, 4, 7, 12, 21, 27, 29, 37, 40, 63]",10,"[2, 4, 7, 12, 21, 27, 29, 37, 40, 63]",10,"[2, 4, 7, 12, 21, 27, 29, 37, 40, 63]",10,"[2, 4, 7, 12, 21, 27, 29, 37, 40, 63]",10,"[2, 4, 7, 12, 21, 27, 29, 37, 40, 63]",10
0,8,"[9, 20, 30, 34, 37, 42, 45, 49, 53, 57]",10,"[9, 20, 30, 34, 42, 45, 49, 53, 57]",9,"[9, 20, 30, 34, 37, 42, 45, 49, 53, 57]",10,"[9, 20, 30, 34, 42, 45, 49, 53, 57]",9,"[9, 20, 30, 34, 37, 42, 45, 49, 53, 57]",10,"[9, 20, 30, 34, 42, 45, 49, 53, 57]",9,"[9, 20, 30, 34, 37, 42, 45, 49, 53, 57]",10,"[9, 20, 30, 34, 42, 45, 49, 53, 57]",9,"[9, 20, 30, 34, 37, 42, 45, 49, 53, 57]",10,"[9, 20, 30, 34, 42, 45, 49, 57]",8,"[9, 20, 30, 34, 37, 42, 45, 49, 53, 57]",10,"[9, 20, 30, 34, 42, 45, 49, 57]",8,"[9, 20, 30, 34, 37, 42, 45, 49, 53, 57]",10,"[9, 20, 30, 34, 42, 45, 49, 57]",8,"[9, 20, 30, 34, 37, 42, 45, 49, 53, 57]",10,"[9, 20, 30, 34, 42, 45, 49, 57]",8,"[9, 20, 30, 34, 37, 42, 45, 49, 57]",9,"[9, 20, 30, 34, 42, 45, 49, 57]",8,"[9, 20, 30, 34, 37, 42, 45, 49, 57]",9,"[9, 20, 30, 34, 45, 49, 57]",7,"[9, 20, 30, 34, 37, 42, 45, 49, 57]",9,"[9, 20, 30, 34, 45, 49, 57]",7
0,9,"[2, 12, 17, 36, 39, 43, 59, 63]",8,"[2, 12, 17, 36, 39, 43, 59, 63]",8,"[2, 12, 17, 36, 39, 43, 59, 63]",8,"[2, 12, 17, 36, 39, 43, 59, 63]",8,"[2, 12, 17, 36, 39, 43, 59, 63]",8,"[2, 12, 17, 36, 39, 43, 59, 63]",8,"[2, 12, 17, 36, 39, 43, 59, 63]",8,"[2, 12, 17, 36, 39, 43, 59, 63]",8,"[2, 12, 17, 36, 39, 43, 59, 63]",8,"[2, 12, 17, 36, 39, 59, 63]",7,"[2, 12, 17, 36, 39, 43, 63]",7,"[2, 12, 17, 36, 39, 59, 63]",7,"[2, 12, 17, 36, 39, 43]",6,"[2, 12, 17, 36, 39, 43, 59]",7,"[2, 12, 17, 36, 39, 59]",6,"[2, 12, 17, 36, 39, 59]",6,"[2, 12, 17, 36, 39]",5,"[2, 12, 17, 36, 39]",5,"[2, 12, 17, 36, 39]",5,"[2, 12, 17, 36, 39]",5,"[2, 12, 17, 36, 39]",5,"[2, 12, 17, 36, 39]",5
0,10,"[11, 15, 29, 33, 36, 49]",6,"[11, 15, 29, 33, 36, 49, 59]",7,"[11, 15, 29, 33, 36, 49]",6,"[11, 15, 29, 33, 36, 49, 59]",7,"[11, 15, 29, 33, 36, 49]",6,"[11, 15, 29, 33, 36, 49, 59]",7,"[11, 15, 29, 33, 36, 49]",6,"[11, 15, 29, 33, 36, 49, 59]",7,"[11, 15, 29, 33, 36, 49]",6,"[11, 15, 36, 49, 59]",5,"[11, 15, 36, 49]",4,"[11, 15, 36, 49]",4,"[11, 15, 36]",3,"[11, 15, 36, 49, 59]",5,"[11, 15, 36]",3,"[11, 15, 36, 49]",4,"[11, 15, 36]",3,"[11, 15, 36, 49]",4,"[11, 15, 36]",3,"[11, 15, 36]",3,"[11, 15, 36]",3,"[11, 15, 36]",3
0,11,"[0, 9, 40]",3,"[0, 9, 40, 44, 63]",5,"[0, 9, 40]",3,"[0, 9, 40, 44, 63]",5,"[0, 9, 40]",3,"[0, 9, 40, 63]",4,"[0, 9, 40]",3,"[0, 9, 40, 63]",4,"[0, 9, 40]",3,"[0, 9, 40, 63]",4,"[0, 9, 40]",3,"[0, 9, 40, 63]",4,"[0, 9, 40]",3,"[0, 9, 40, 63]",4,"[0, 9, 40]",3,"[0, 9, 40, 63]",4,"[0, 9, 40]",3,"[0, 9, 40, 63]",4,"[0, 9, 40]",3,"[0, 9, 40, 63]",4,"[0, 9, 40]",3,"[0, 9, 40, 63]",4
1,0,"[7, 10, 25, 26, 42, 44, 48, 50, 59]",9,"[7, 10, 20, 25, 26, 42, 44, 48, 59]",9,"[7, 10, 25, 26, 42, 44, 48, 50, 59]",9,"[7, 10, 20, 25, 26, 42, 44, 48, 59]",9,"[7, 10, 25, 26, 42, 44, 48, 50, 59]",9,"[10, 42, 44]",3,"[7, 10, 25, 26, 42, 44, 48, 50, 59]",9,[44],1,"[7, 10, 25, 26, 42, 44]",6,[44],1,"[7, 10, 42, 44]",4,"[7, 44]",2,"[7, 10, 42, 44]",4,"[7, 44]",2,"[7, 44]",2,"[7, 44]",2,"[7, 44]",2,"[7, 20, 44]",3,"[7, 44]",2,"[7, 20, 44]",3,"[7, 44]",2,"[7, 20, 44]",3
1,1,"[4, 8, 26, 40, 42, 48, 62]",7,"[4, 8, 26, 40, 42, 48, 62]",7,"[4, 8, 26, 40, 42, 48, 62]",7,"[4, 8, 26, 40, 42, 48, 62]",7,"[4, 8, 40, 42, 48]",5,"[4, 8, 26, 40, 42, 48, 62]",7,"[4, 8, 40, 48, 62]",5,"[4, 8, 40, 48, 62]",5,"[4, 8, 40, 48, 62]",5,"[4, 8, 40, 48, 62]",5,"[4, 8, 40, 42, 48]",5,"[4, 40, 48, 62]",4,"[4, 8, 40, 42, 48]",5,"[4, 40, 42, 48, 62]",5,"[4, 40, 48, 62]",4,"[4, 40, 48, 62]",4,"[4, 40, 48, 62]",4,"[4, 40, 42, 48]",4,"[40, 48, 62]",3,"[40, 42]",2,"[40, 48]",2,[42],1
1,2,"[1, 3, 8, 13, 28, 39, 50, 57, 59]",9,"[8, 27, 39, 44, 50, 59, 63]",7,"[1, 3, 8, 13, 28, 39, 50, 57, 59]",9,"[8, 27, 39, 44, 50, 59, 63]",7,"[3, 8, 28, 39, 50, 57, 59]",7,"[8, 27, 39, 50, 59, 63]",6,"[3, 8, 28, 39, 59]",5,"[8, 27, 39, 59, 63]",5,"[3, 8, 28, 39, 59]",5,"[8, 27, 39, 59, 63]",5,"[3, 8, 39, 59]",4,"[8, 27, 39, 59, 63]",5,"[3, 8, 39, 59]",4,"[8, 27, 39, 59, 63]",5,"[8, 39, 59]",3,"[8, 27, 39]",3,"[8, 39, 59]",3,"[8, 27, 39]",3,"[39, 59]",2,"[27, 39]",2,"[39, 59]",2,"[27, 39]",2
1,3,"[3, 10, 22, 44, 58]",5,"[3, 22, 44]",3,"[3, 10, 22, 44, 58]",5,"[3, 22, 44]",3,"[3, 10, 22, 44]",4,"[22, 44]",2,"[3, 10, 22, 44]",4,"[22, 44]",2,"[22, 44]",2,[44],1,"[10, 44]",2,[44],1,"[10, 44]",2,[44],1,[44],1,[44],1,[44],1,[44],1,[44],1,[44],1,[44],1,[44],1
1,4,"[20, 24, 29, 35, 38, 39, 51, 59, 63]",9,"[20, 24, 35, 38, 39, 51, 63]",7,"[20, 24, 29, 35, 38, 39, 51, 59, 63]",9,"[20, 24, 35, 38, 39, 51, 63]",7,"[20, 24, 35, 38, 39, 51, 63]",7,"[20, 24, 35, 38, 39, 51, 63]",7,"[20, 24, 35, 38, 39, 51, 63]",7,"[20, 24, 35, 39, 63]",5,"[20, 24, 35, 39]",4,"[20, 24, 35, 39, 63]",5,"[20, 24, 35, 39]",4,"[20, 24, 35, 39]",4,"[20, 24, 35, 39]",4,"[20, 24, 35, 39]",4,"[20, 24, 35, 39]",4,"[20, 24, 35, 39]",4,"[20, 24, 35, 39]",4,"[20, 24, 35, 39]",4,"[20, 24, 35, 39]",4,"[20, 24, 35, 39]",4,"[20, 24, 35, 39]",4,"[20, 24, 35, 39]",4
1,5,"[1, 5, 10, 17, 23, 34, 41, 50]",8,"[0, 1, 10, 23, 25, 27, 31, 41]",8,"[1, 5, 10, 17, 23, 34, 41, 50]",8,"[0, 1, 10, 23, 25, 27, 31, 41]",8,"[1, 5, 10, 17, 23, 34, 41]",7,"[0, 1, 10, 23, 25, 27, 31, 41]",8,"[1, 5, 10, 17, 23, 34, 41]",7,"[0, 1, 10, 23, 25, 27, 31, 41]",8,"[1, 5, 10, 17, 34, 41]",6,"[0, 1, 10, 23, 25, 27, 31, 41]",8,"[1, 5, 10, 17, 34, 41]",6,"[0, 1, 10, 23, 25, 27, 31, 41]",8,"[1, 5, 17, 34]",4,"[0, 1, 10, 23, 25, 27, 31, 41]",8,"[1, 5, 17, 34]",4,"[0, 1, 10, 23, 25, 27, 31, 41]",8,"[5, 34]",2,"[0, 1, 10, 23, 25, 27, 31, 41]",8,"[5, 34]",2,"[0, 1, 10, 23, 25, 27, 31, 41]",8,[5],1,"[0, 1, 10, 23, 25, 27, 31, 41]",8
1,6,"[18, 21, 22, 37, 45, 47, 57, 59]",8,"[16, 18, 21, 22, 37, 45, 47, 57, 59]",9,"[18, 21, 22, 37, 45, 47, 57, 59]",8,"[16, 18, 21, 22, 37, 45, 47, 57, 59]",9,"[18, 21, 22, 37, 45, 47, 57, 59]",8,"[18, 21, 22, 37, 45, 47, 57, 59]",8,"[18, 21, 22, 37, 45, 47, 57]",7,"[18, 21, 22, 37, 45, 47, 57]",7,"[18, 21, 22, 37, 45, 47, 57]",7,"[18, 21, 22, 37, 47, 57]",6,"[18, 21, 22, 37, 45, 47, 57]",7,"[18, 22, 37, 45, 47, 57]",6,"[18, 22, 37, 45, 47, 57]",6,"[18, 22, 37, 45, 47, 57]",6,"[18, 22, 37, 45, 47, 57]",6,"[18, 22, 37, 45, 47, 57]",6,"[18, 22, 37, 45, 47, 57]",6,"[18, 22, 37, 45, 47, 57]",6,"[18, 22, 37, 45, 47, 57]",6,"[18, 22, 37, 47, 57]",5,"[18, 22, 37, 45, 47, 57]",6,"[18, 22, 37, 47, 57]",5
1,7,"[16, 20, 34, 38, 54, 57]",6,"[2, 8, 16, 20, 34, 38, 39, 42, 44]",9,"[16, 20, 34, 38, 54, 57]",6,"[2, 8, 16, 20, 34, 38, 39, 42, 44]",9,"[16, 20, 34, 38, 54, 57]",6,"[2, 8, 16, 20, 34, 39, 44]",7,"[20, 34, 38, 57]",4,"[2, 8, 16, 20, 34, 38, 39]",7,"[20, 34, 38, 57]",4,"[2, 8, 16, 20, 34, 39]",6,"[20, 34, 57]",3,"[2, 8, 16, 34]",4,[57],1,"[2, 34, 38]",3,[57],1,[2],1,[57],1,"[2, 42]",2,[57],1,[2],1,[57],1,[2],1
1,8,"[5, 19, 22, 30, 33, 34, 61]",7,"[5, 19, 30, 33, 34, 49, 57, 61]",8,"[5, 19, 22, 30, 33, 34, 61]",7,"[5, 19, 30, 33, 34, 49, 57, 61]",8,"[5, 19, 30, 33, 34, 61]",6,"[5, 19, 30, 33, 34, 49, 57, 61]",8,"[5, 19, 30, 33, 34, 61]",6,"[5, 30, 33, 34, 57]",5,"[5, 19, 30, 33, 34, 61]",6,"[5, 30, 33, 34]",4,"[5, 19, 30, 33, 34, 61]",6,"[5, 30, 34]",3,"[5, 30, 33, 34]",4,"[5, 30, 34]",3,"[5, 30, 33, 34]",4,"[5, 30, 34]",3,"[5, 30, 33, 34]",4,"[5, 30, 34]",3,"[5, 30, 33, 34]",4,"[5, 34]",2,"[5, 30, 33, 34]",4,"[5, 33, 34]",3
1,9,"[10, 15, 27, 28, 35, 52, 56]",7,"[3, 10, 15, 27, 28, 52, 56]",7,"[10, 15, 27, 28, 35, 52, 56]",7,"[3, 10, 15, 27, 28, 52, 56]",7,"[10, 15, 27, 28, 35, 52, 56]",7,"[3, 10, 15, 27, 28, 52, 56]",7,"[10, 15, 27, 28, 35, 52, 56]",7,"[3, 10, 15, 27, 28, 52, 56]",7,"[10, 15, 27, 28, 35, 52, 56]",7,"[10, 15, 28, 52, 56]",5,"[10, 15, 27, 28, 52, 56]",6,"[10, 15, 27, 28, 52, 56]",6,"[10, 15, 27, 28, 52, 56]",6,"[10, 52, 56]",3,"[10, 15, 52, 56]",4,"[10, 52, 56]",3,"[52, 56]",2,"[52, 56]",2,[56],1,[56],1,[],0,[],0
1,10,"[15, 21, 24, 44, 61, 63]",6,"[6, 12, 15, 20, 21, 24, 44, 47, 61]",9,"[15, 21, 24, 44, 61, 63]",6,"[6, 12, 15, 20, 21, 24, 44, 47, 61]",9,"[15, 21, 24, 44, 61, 63]",6,"[6, 12, 15, 20, 21, 24, 44, 47, 61]",9,"[15, 21, 24, 44, 61]",5,"[6, 12, 15, 20, 21, 24, 44, 61]",8,"[15, 21, 24, 44, 61]",5,"[12, 15, 20, 21, 24, 44, 61]",7,"[15, 21, 24, 44, 61]",5,"[12, 15, 20, 21, 24, 44, 61]",7,"[15, 21, 24, 44, 61]",5,"[12, 20, 21, 24, 44, 61]",6,"[15, 21, 24, 44, 61]",5,"[12, 20, 21, 24, 44, 61]",6,"[15, 44, 61]",3,"[12, 20, 21, 44, 61]",5,"[15, 61]",2,"[12, 20, 44, 61]",4,"[15, 61]",2,"[12, 20, 44, 61]",4
1,11,"[2, 6, 13, 15, 21, 33, 52]",7,"[2, 7, 13, 15, 18, 21, 48, 52, 54]",9,"[2, 6, 13, 15, 21, 33, 52]",7,"[2, 7, 13, 15, 18, 21, 48, 52, 54]",9,"[2, 13, 15, 21, 33, 52]",6,"[2, 7, 13, 15, 18, 21, 48, 52]",8,"[2, 13, 15, 21, 33, 52]",6,"[2, 7, 13, 15, 18, 21, 48, 52]",8,"[2, 13, 15, 21, 33, 52]",6,"[2, 7, 13, 15, 18, 21, 48, 52]",8,"[2, 13, 15, 21, 33, 52]",6,"[2, 7, 13, 15, 18, 21, 48]",7,"[2, 13, 15, 21, 33, 52]",6,"[2, 7, 13, 15, 18, 48]",6,"[2, 13, 33]",3,"[2, 7, 13, 18, 48]",5,"[2, 13, 33]",3,"[7, 13, 18, 48]",4,"[13, 33]",2,"[7, 13, 18, 48]",4,"[13, 33]",2,"[7, 13, 18, 48]",4
2,0,"[23, 26, 30, 40, 41, 45, 56, 57, 59]",9,"[12, 26, 30, 41, 45, 56, 57, 59]",8,"[23, 26, 30, 40, 41, 45, 56, 57, 59]",9,"[12, 26, 30, 41, 45, 56, 57, 59]",8,"[23, 30, 41, 45, 56, 57, 59]",7,"[12, 30, 41, 45, 56, 57, 59]",7,"[23, 30, 41, 45, 57, 59]",6,"[12, 30, 41, 45, 57, 59]",6,"[30, 41, 45, 57, 59]",5,"[12, 30, 41, 45, 57, 59]",6,"[23, 30, 41, 45, 57, 59]",6,"[30, 41, 45, 57, 59]",5,"[23, 30, 41, 45, 57, 59]",6,"[30, 41, 45, 57, 59]",5,"[30, 41, 45, 57]",4,"[30, 41, 45, 57]",4,"[23, 30, 41, 45, 57]",5,"[30, 41, 45, 57]",4,"[30, 41, 45, 57]",4,"[30, 41, 45, 57]",4,"[30, 41, 45, 57]",4,"[30, 41, 45, 57]",4
2,1,"[10, 15, 29, 35, 51, 55, 59]",7,"[10, 15, 29, 35, 51, 55, 59]",7,"[10, 15, 29, 35, 51, 55, 59]",7,"[10, 15, 29, 35, 51, 55, 59]",7,"[15, 29, 35, 51, 55]",5,"[10, 15, 29, 35, 51, 55]",6,"[29, 35, 51, 55]",4,"[29, 35, 51, 55]",4,"[29, 35, 51, 55]",4,"[29, 35, 51, 55]",4,"[29, 35, 51, 55]",4,"[29, 35, 51, 55]",4,"[29, 35, 51, 55]",4,"[29, 35, 51, 55]",4,"[35, 51, 55]",3,"[35, 51, 55]",3,"[35, 51, 55]",3,"[35, 51, 55]",3,"[35, 51, 55]",3,"[35, 51, 55]",3,"[35, 51, 55]",3,"[35, 51, 55]",3
2,2,"[3, 11, 18, 26, 27, 28, 29, 33, 34, 37]",10,"[3, 11, 26, 28, 29, 35, 60]",7,"[3, 11, 18, 26, 27, 28, 29, 33, 34, 37]",10,"[3, 11, 26, 28, 29, 35, 60]",7,"[3, 18, 26, 27, 28, 29, 33, 34, 37]",9,"[3, 11, 26, 28, 29, 35, 60]",7,"[3, 18, 26, 27, 28, 29, 33, 34, 37]",9,"[11, 26, 28, 29, 35, 60]",6,"[3, 26, 27, 28, 29, 33, 34, 37]",8,"[11, 26, 28, 29, 60]",5,"[26, 27, 29, 33, 34, 37]",6,"[11, 26, 28, 29, 60]",5,"[26, 27, 29, 33, 34, 37]",6,"[11, 26, 28, 29, 60]",5,"[26, 27, 29, 34, 37]",5,"[11, 26, 28, 29, 60]",5,"[26, 27, 29, 34, 37]",5,"[11, 26, 28, 29, 60]",5,"[26, 27, 29, 37]",4,"[11, 26, 28, 29, 60]",5,"[26, 27, 29, 37]",4,"[11, 28, 29, 60]",4
2,3,"[5, 41, 44, 45, 53, 61]",6,"[5, 45, 53, 58, 61]",5,"[5, 41, 44, 45, 53, 61]",6,"[5, 45, 53, 58, 61]",5,"[5, 41, 44, 45, 53, 61]",6,"[5, 53, 58]",3,"[5, 44, 45, 53]",4,"[5, 53, 58]",3,"[5, 53]",2,"[5, 53, 58]",3,"[5, 53]",2,"[5, 58]",2,"[5, 53]",2,"[5, 58]",2,"[5, 53]",2,"[5, 58]",2,[5],1,[],0,[5],1,[],0,[5],1,[],0
2,4,"[7, 8, 24, 27, 29, 32, 35, 42, 59]",9,"[4, 6, 7, 14, 24, 29, 34, 36, 42]",9,"[7, 8, 24, 27, 29, 32, 35, 42, 59]",9,"[4, 6, 7, 14, 24, 29, 34, 36, 42]",9,"[7, 8, 24, 27, 29, 32, 35, 59]",8,"[4, 6, 7, 14, 24, 29, 34, 36, 42]",9,"[7, 8, 24, 27, 29, 32, 35]",7,"[4, 6, 7, 14, 24, 29, 34, 36, 42]",9,"[7, 8, 24, 27, 29, 32, 35]",7,"[4, 6, 7, 14, 24, 29, 34, 36, 42]",9,"[7, 8, 24, 27, 29, 32, 35]",7,"[4, 6, 14, 24, 29, 34, 36, 42]",8,"[7, 24, 27, 29, 32]",5,"[4, 6, 14, 24, 29, 34, 36, 42]",8,"[7, 24, 27, 32]",4,"[4, 6, 14, 24, 29, 34, 36, 42]",8,"[7, 24, 27, 32]",4,"[4, 6, 14, 24, 29, 34, 36, 42]",8,"[7, 24, 27, 32]",4,"[4, 6, 14, 24, 29, 34, 36, 42]",8,"[7, 24, 27, 32]",4,"[4, 6, 14, 24, 34, 36, 42]",7
2,5,"[2, 28, 42, 45, 54]",5,"[2, 28, 41, 42, 45, 54]",6,"[2, 28, 42, 45, 54]",5,"[2, 28, 41, 42, 45, 54]",6,"[2, 28, 45, 54]",4,"[2, 28, 54]",3,"[2, 28, 45, 54]",4,"[2, 28, 54]",3,"[2, 28, 45, 54]",4,"[2, 28, 54]",3,"[2, 28, 54]",3,"[2, 28, 54]",3,"[2, 28, 45, 54]",4,"[2, 28, 54]",3,"[2, 28, 45, 54]",4,"[2, 28, 54]",3,"[2, 28, 54]",3,"[2, 28, 54]",3,"[2, 54]",2,"[2, 54]",2,"[2, 54]",2,"[2, 54]",2
2,6,"[16, 33, 34, 37, 40, 54, 56]",7,"[16, 33, 34, 37, 40, 54, 56, 58]",8,"[16, 33, 34, 37, 40, 54, 56]",7,"[16, 33, 34, 37, 40, 54, 56, 58]",8,"[16, 34, 37, 40, 54, 56]",6,"[34, 37, 40, 54, 56, 58]",6,"[16, 34, 37, 40, 54, 56]",6,"[16, 34, 37, 40, 54, 56, 58]",7,"[16, 34, 37, 40, 54, 56]",6,"[34, 37, 40, 54, 56, 58]",6,"[16, 34, 37, 40, 54, 56]",6,"[34, 37, 40, 54, 56, 58]",6,"[16, 34, 37, 40, 54, 56]",6,"[34, 37, 54, 56, 58]",5,"[34, 37, 54, 56]",4,"[34, 37, 54, 56, 58]",5,"[34, 37, 56]",3,"[37, 54, 56, 58]",4,"[16, 37, 56]",3,"[37, 56, 58]",3,"[16, 37, 56]",3,"[16, 37, 56, 58]",4
2,7,"[1, 15, 32, 48, 56, 58]",6,"[15, 19, 25, 32, 48, 58, 63]",7,"[1, 15, 32, 48, 56, 58]",6,"[15, 19, 25, 32, 48, 58, 63]",7,"[1, 15, 32, 48, 56, 58]",6,"[15, 19, 25, 58]",4,"[1, 15, 32, 48, 56, 58]",6,"[15, 25, 48, 58]",4,"[1, 15, 32, 48, 56, 58]",6,"[15, 25, 48, 58]",4,"[1, 15, 32, 48, 56, 58]",6,"[15, 25, 58]",3,"[1, 48, 56, 58]",4,"[15, 25, 58]",3,"[1, 48, 56, 58]",4,"[15, 25, 58]",3,"[48, 56, 58]",3,"[15, 25, 58]",3,"[48, 56, 58]",3,"[15, 25, 58]",3,"[48, 56, 58]",3,"[25, 58]",2
2,8,"[4, 16, 23, 29, 41, 43, 44, 46, 49]",9,"[4, 16, 23, 29, 41, 43, 44, 46, 49]",9,"[4, 16, 23, 29, 41, 43, 44, 46, 49]",9,"[4, 16, 23, 29, 41, 43, 44, 46, 49]",9,"[4, 23, 43, 44, 46, 49]",6,"[4, 23, 43, 44, 46, 49]",6,"[4, 23, 43, 44, 46, 49]",6,"[4, 46, 49]",3,"[4, 23, 43, 44, 46, 49]",6,[4],1,"[4, 44, 46, 49]",4,[4],1,"[4, 49]",2,[4],1,"[4, 49]",2,"[4, 16]",2,[4],1,[4],1,[4],1,[4],1,[4],1,[4],1
2,9,"[20, 26, 27, 42, 56, 58]",6,"[3, 10, 20, 32, 56, 58]",6,"[20, 26, 27, 42, 56, 58]",6,"[3, 10, 20, 32, 56, 58]",6,"[20, 26, 27, 42, 56, 58]",6,"[3, 10, 20, 32, 56, 58]",6,"[20, 26, 27, 42, 56, 58]",6,"[10, 20, 32, 56]",4,"[20, 26, 27, 42, 56, 58]",6,"[10, 20, 32, 56, 58]",5,"[20, 26, 27, 42, 56, 58]",6,"[10, 20, 32, 56, 58]",5,"[20, 26, 27, 42, 56, 58]",6,"[10, 20, 32, 58]",4,"[20, 27, 42, 58]",4,"[10, 20, 32]",3,"[20, 27, 42, 58]",4,"[10, 20, 32]",3,"[20, 27, 42, 58]",4,"[10, 20, 32]",3,"[20, 27, 42, 58]",4,"[10, 20, 32]",3
2,10,"[2, 4, 15, 20, 28, 36, 51]",7,"[2, 4, 15, 28, 36, 51]",6,"[2, 4, 15, 20, 28, 36, 51]",7,"[2, 4, 15, 28, 36, 51]",6,"[2, 4, 15, 28, 36, 51]",6,"[2, 4, 28, 36, 51]",5,"[2, 4, 28, 36, 51]",5,"[2, 4, 28, 36, 51]",5,"[2, 4, 28, 36, 51]",5,"[2, 4, 28, 36, 51]",5,"[4, 15, 28, 36, 51]",5,"[2, 4, 28, 36]",4,"[4, 15, 28, 36, 51]",5,"[2, 4, 28, 36]",4,"[4, 15, 28, 36, 51]",5,"[2, 4, 28, 36]",4,"[4, 15, 28, 36, 51]",5,"[2, 4, 28, 36]",4,"[4, 15, 28, 36, 51]",5,"[2, 28, 36]",3,"[15, 28, 51]",3,"[2, 28, 36]",3
2,11,"[8, 10, 30, 40, 53]",5,"[8, 30, 35, 40, 53, 58]",6,"[8, 10, 30, 40, 53]",5,"[8, 30, 35, 40, 53, 58]",6,"[8, 10, 30, 40, 53]",5,"[30, 35, 40, 53]",4,"[8, 30, 53]",3,"[8, 35, 40, 53]",4,"[8, 30, 53]",3,"[8, 35, 40, 53]",4,"[8, 30, 53]",3,"[8, 40, 53]",3,"[8, 30, 53]",3,[8],1,"[8, 53]",2,"[8, 40]",2,[8],1,"[8, 35]",2,[8],1,[8],1,[8],1,[8],1
3,0,"[1, 12, 24, 37, 41, 42, 49, 52, 58]",9,"[2, 15, 18, 20, 41, 45, 47, 49]",8,"[1, 12, 24, 37, 41, 42, 49, 52, 58]",9,"[2, 15, 18, 20, 41, 45, 47, 49]",8,"[24, 37, 41, 42, 49, 52, 58]",7,"[15, 18, 41, 45, 47, 49]",6,"[24, 42, 49, 52, 58]",5,"[2, 15, 18, 45, 47, 49]",6,"[24, 42, 49, 52, 58]",5,"[15, 18, 45, 47, 49]",5,"[1, 24, 42, 58]",4,"[2, 15, 18, 45]",4,"[24, 58]",2,"[15, 18, 47]",3,[24],1,"[15, 18, 47]",3,[24],1,"[15, 18, 47]",3,[],0,[15],1,[],0,"[15, 18]",2
3,1,"[14, 18, 28, 45, 48, 51, 63]",7,"[14, 18, 42, 45, 51, 63]",6,"[14, 18, 28, 45, 48, 51, 63]",7,"[14, 18, 42, 45, 51, 63]",6,"[14, 18, 28, 45, 48, 51, 63]",7,"[14, 42, 45, 51]",4,"[45, 48, 51, 63]",4,"[42, 51]",2,"[45, 48, 51, 63]",4,"[42, 51]",2,"[45, 48, 51, 63]",4,"[42, 51]",2,"[48, 51]",2,"[42, 51]",2,[51],1,"[42, 51]",2,[51],1,"[42, 51]",2,[51],1,"[42, 51]",2,[51],1,"[42, 51]",2
3,2,"[1, 3, 4, 16, 29, 38, 53]",7,"[1, 3, 4, 16, 29, 38, 53]",7,"[1, 3, 4, 16, 29, 38, 53]",7,"[1, 3, 4, 16, 29, 38, 53]",7,"[1, 4, 16, 29, 38]",5,"[1, 4, 16, 29, 38, 53]",6,"[1, 4, 16, 29, 53]",5,"[1, 4, 16, 29, 53]",5,"[1, 4, 16, 29, 53]",5,"[1, 4, 29, 53]",4,"[1, 4, 16, 29, 53]",5,"[1, 4, 29, 53]",4,"[1, 4, 16, 29, 53]",5,"[1, 4, 29, 53]",4,"[1, 4, 29, 53]",4,"[1, 4, 29, 53]",4,"[1, 4, 53]",3,"[1, 4, 53]",3,"[1, 4, 53]",3,"[4, 53]",2,"[4, 53]",2,"[4, 53]",2
3,3,"[57, 62]",2,"[23, 30, 31, 35, 36, 37, 42, 60, 62]",9,"[57, 62]",2,"[23, 30, 31, 35, 36, 37, 42, 60, 62]",9,"[57, 62]",2,"[30, 31, 36, 37, 42, 60, 62]",7,"[57, 62]",2,"[30, 31, 36, 37, 42, 60, 62]",7,"[57, 62]",2,"[30, 31, 36, 37, 42, 60, 62]",7,"[57, 62]",2,"[30, 31, 36, 37, 42, 60]",6,[57],1,"[30, 31, 36, 37, 42, 60]",6,[57],1,"[30, 31, 36, 37, 42, 60]",6,[57],1,"[30, 36, 37, 42, 60]",5,[57],1,"[30, 36, 37, 42, 60]",5,[57],1,"[30, 37, 60]",3
3,4,"[15, 19, 23, 45, 58]",5,"[14, 15, 24, 32, 45, 51]",6,"[15, 19, 23, 45, 58]",5,"[14, 15, 24, 32, 45, 51]",6,"[15, 19, 23, 45, 58]",5,"[14, 15, 24, 32, 45, 51]",6,"[19, 45, 58]",3,"[14, 15, 24, 32, 45]",5,"[19, 45, 58]",3,"[14, 15, 24, 45]",4,"[19, 45]",2,"[14, 15, 45]",3,"[19, 45]",2,"[14, 15, 45]",3,"[19, 45]",2,"[14, 15, 45]",3,"[19, 45]",2,"[14, 45]",2,[19],1,"[14, 45]",2,[19],1,[14],1
3,5,"[0, 1, 13, 17, 44, 51]",6,"[0, 1, 8, 20, 29, 44, 63]",7,"[0, 1, 13, 17, 44, 51]",6,"[0, 1, 8, 20, 29, 44, 63]",7,"[13, 17, 44, 51]",4,"[8, 20, 44, 63]",4,[],0,"[8, 20, 29, 44, 63]",5,[51],1,"[8, 20, 44, 63]",4,[51],1,"[8, 20, 63]",3,[51],1,"[8, 20, 63]",3,[],0,"[8, 20]",2,[],0,"[8, 20]",2,[],0,[20],1,[],0,[20],1
3,6,"[3, 11, 22, 28, 42, 44, 45]",7,"[3, 9, 11, 23, 32, 34, 39, 63]",8,"[3, 11, 22, 28, 42, 44, 45]",7,"[3, 9, 11, 23, 32, 34, 39, 63]",8,"[3, 11, 22, 28, 42, 44, 45]",7,"[3, 9, 11, 23, 32, 34, 39]",7,"[3, 11, 22, 28, 42, 45]",6,"[3, 9, 11, 23, 32, 34, 39, 63]",8,"[3, 11, 22, 28, 42, 45]",6,"[3, 9, 11, 23, 32, 34, 39]",7,"[3, 11, 22, 28, 45]",5,"[3, 9, 11, 23, 32, 34, 39, 63]",8,"[3, 11, 22, 28, 45]",5,"[3, 9, 11, 23, 32, 39, 63]",7,"[3, 11, 22, 28, 45]",5,"[3, 9, 11, 23, 32, 39, 63]",7,"[3, 11, 22, 28, 45]",5,"[3, 23, 32, 39, 63]",5,"[3, 11, 22, 28, 45]",5,"[3, 23, 32, 39, 63]",5,"[3, 11, 22, 45]",4,"[3, 23, 32, 39, 63]",5
3,7,"[0, 5, 10, 33, 48]",5,"[0, 10, 33, 47, 48]",5,"[0, 5, 10, 33, 48]",5,"[0, 10, 33, 47, 48]",5,"[0, 5, 10, 33, 48]",5,"[0, 10, 33, 47, 48]",5,"[0, 10, 33, 48]",4,"[0, 10, 33, 47, 48]",5,"[0, 5, 33, 48]",4,"[0, 10, 33, 47, 48]",5,"[0, 10, 33, 48]",4,"[0, 33, 48]",3,"[0, 5, 33, 48]",4,"[0, 33, 48]",3,"[0, 5, 33, 48]",4,"[0, 33, 48]",3,"[0, 33, 48]",3,"[0, 33, 48]",3,"[0, 5, 33, 48]",4,"[0, 33, 48]",3,[48],1,[48],1
3,8,"[2, 17, 33, 48]",4,"[2, 7, 24, 33, 48]",5,"[2, 17, 33, 48]",4,"[2, 7, 24, 33, 48]",5,"[2, 33, 48]",3,"[2, 33]",2,"[2, 33]",2,"[2, 33]",2,"[2, 33]",2,"[2, 33]",2,"[2, 33]",2,"[2, 33]",2,"[2, 33]",2,"[2, 33]",2,"[2, 33]",2,"[2, 33]",2,"[2, 33]",2,"[2, 33]",2,"[2, 33]",2,"[2, 33]",2,"[2, 33]",2,"[2, 7, 33]",3
3,9,"[5, 26, 51, 58]",4,"[5, 14, 22, 26, 27, 35, 41, 46, 58]",9,"[5, 26, 51, 58]",4,"[5, 14, 22, 26, 27, 35, 41, 46, 58]",9,"[26, 51, 58]",3,"[5, 14, 22, 26, 27, 41, 58]",7,"[26, 51, 58]",3,"[5, 14, 26, 27, 35, 41]",6,"[26, 51, 58]",3,"[5, 14, 26, 27, 35, 41]",6,"[26, 51, 58]",3,"[5, 14, 26, 27, 41]",5,"[26, 51, 58]",3,"[5, 14, 27, 35, 41]",5,"[26, 51, 58]",3,"[5, 14, 27, 35, 41]",5,"[26, 51, 58]",3,"[5, 14, 41]",3,"[51, 58]",2,"[5, 14, 35, 41]",4,"[51, 58]",2,"[14, 35, 41]",3
3,10,"[3, 6, 38, 43, 47, 57]",6,"[3, 4, 8, 13, 31, 40, 43, 58]",8,"[3, 6, 38, 43, 47, 57]",6,"[3, 4, 8, 13, 31, 40, 43, 58]",8,"[3, 38, 57]",3,"[3, 4, 8, 13, 40, 43, 58]",7,"[6, 38, 57]",3,"[3, 4, 8, 13, 40, 58]",6,"[6, 38, 57]",3,"[3, 4, 8, 13, 40, 43, 58]",7,"[6, 38, 57]",3,"[4, 8, 13, 40, 58]",5,"[6, 38, 57]",3,"[4, 8, 13, 31, 40, 58]",6,"[6, 38, 57]",3,"[4, 8, 13, 31, 40, 58]",6,"[38, 57]",2,"[4, 8, 13, 31, 58]",5,"[38, 57]",2,"[4, 8, 13, 31]",4,"[38, 57]",2,"[4, 8, 13]",3
3,11,"[3, 18, 45, 56, 62]",5,"[2, 3, 10, 31, 41, 53]",6,"[3, 18, 45, 56, 62]",5,"[2, 3, 10, 31, 41, 53]",6,"[18, 45, 56, 62]",4,"[2, 3, 10, 31, 41, 53]",6,"[18, 45, 56, 62]",4,"[2, 3, 10, 31, 53]",5,"[18, 45, 56, 62]",4,"[2, 3, 31, 41, 53]",5,"[45, 56, 62]",3,"[2, 3, 53]",3,"[45, 56, 62]",3,"[2, 3, 31, 53]",4,"[45, 56]",2,"[2, 3, 31, 41]",4,"[45, 56]",2,"[2, 3]",2,"[45, 56]",2,"[2, 3, 31, 41]",4,"[45, 56]",2,"[2, 3, 31, 41]",4
4,0,"[0, 18, 23, 24, 31, 44, 59]",7,"[1, 2, 8, 23, 24, 26, 41, 44, 63]",9,"[0, 18, 23, 24, 31, 44, 59]",7,"[1, 2, 8, 23, 24, 26, 41, 44, 63]",9,"[18, 23, 24, 44, 59]",5,"[1, 8, 23, 24, 26, 44, 63]",7,"[18, 23, 24, 44, 59]",5,"[1, 8, 23, 24, 26, 44, 63]",7,"[18, 23, 24, 44, 59]",5,"[1, 8, 23, 26, 44, 63]",6,"[18, 23, 24, 44, 59]",5,"[1, 8, 26, 44, 63]",5,"[18, 24, 59]",3,"[1, 8, 26, 44, 63]",5,"[24, 44, 59]",3,"[1, 8, 26, 44, 63]",5,"[24, 44, 59]",3,"[1, 8, 44, 63]",4,[59],1,"[1, 8, 44, 63]",4,[59],1,"[1, 8, 44, 63]",4
4,1,"[11, 17, 21, 25, 40, 59]",6,"[6, 33, 47, 53]",4,"[11, 17, 21, 25, 40, 59]",6,"[6, 33, 47, 53]",4,"[11, 17, 21, 40]",4,[33],1,"[11, 17, 21, 40]",4,[33],1,"[11, 21, 40]",3,[],0,"[11, 21, 40]",3,[],0,"[11, 21, 40]",3,"[33, 53]",2,"[11, 21, 40]",3,[],0,"[11, 21, 40]",3,[],0,"[11, 21, 40]",3,[6],1,"[11, 21, 40]",3,[33],1
4,2,"[3, 9, 12, 17, 21, 26, 55, 62]",8,"[0, 3, 9, 17, 21, 26, 39, 41, 54, 55, 62]",11,"[3, 9, 12, 17, 21, 26, 55, 62]",8,"[0, 3, 9, 17, 21, 26, 39, 41, 54, 55, 62]",11,"[3, 9, 17, 21, 26, 55, 62]",7,"[0, 3, 9, 17, 21, 26, 41, 54]",8,"[9, 17, 21, 26, 55, 62]",6,"[0, 9, 17, 21, 26, 39, 41, 54]",8,"[9, 17, 21, 26, 55, 62]",6,"[0, 9, 17, 21, 26, 39, 41]",7,"[9, 17, 21, 26, 55, 62]",6,"[0, 9, 17, 21, 26, 41]",6,"[9, 17, 21, 26, 62]",5,"[0, 17, 21, 26, 41, 62]",6,"[9, 17, 21, 26, 55, 62]",6,"[0, 17, 21, 26, 41, 62]",6,"[9, 17, 21, 26, 62]",5,"[0, 17, 21, 26, 41, 62]",6,"[9, 17, 21, 26, 62]",5,"[0, 17, 26, 41, 62]",5,"[17, 21, 26, 62]",4,"[0, 17, 26, 62]",4
4,3,"[4, 26, 34, 35, 41, 42, 50]",7,"[4, 17, 26, 30, 34, 35, 41, 48, 54]",9,"[4, 26, 34, 35, 41, 42, 50]",7,"[4, 17, 26, 30, 34, 35, 41, 48, 54]",9,"[4, 26, 34, 35, 41, 42]",6,"[4, 17, 30, 34, 41, 48, 54]",7,"[4, 26, 34, 35, 41, 42]",6,"[4, 17, 30, 34, 41, 48, 54]",7,"[4, 26, 34, 41, 42]",5,"[4, 17, 30, 34, 41, 48, 54]",7,"[26, 34, 41, 42, 50]",5,"[17, 30, 34, 41, 48, 54]",6,"[26, 34, 35, 41, 50]",5,"[30, 34, 41, 48, 54]",5,"[26, 34, 41, 42, 50]",5,"[30, 34, 41, 48, 54]",5,"[26, 34, 41, 42, 50]",5,"[30, 34, 41, 48, 54]",5,"[34, 41, 42, 50]",4,"[30, 34, 41, 48, 54]",5,"[34, 41, 42, 50]",4,"[30, 34, 41, 48, 54]",5
4,4,"[3, 19, 31, 37, 56]",5,"[3, 31, 37, 43, 51, 53, 56]",7,"[3, 19, 31, 37, 56]",5,"[3, 31, 37, 43, 51, 53, 56]",7,"[3, 19, 31, 37]",4,"[3, 37, 43, 53]",4,"[3, 19, 37]",3,"[3, 37, 43, 53]",4,"[3, 19, 37]",3,"[3, 37, 43, 53]",4,"[3, 19, 37]",3,"[3, 37, 43, 53]",4,"[3, 19, 37]",3,"[3, 37, 43, 53]",4,"[3, 19, 37]",3,"[37, 43, 53]",3,[37],1,"[37, 43]",2,[],0,"[43, 53]",2,[],0,"[37, 43, 53]",3
4,5,"[20, 31, 36]",3,"[7, 11, 20, 32, 36, 44, 53]",7,"[20, 31, 36]",3,"[7, 11, 20, 32, 36, 44, 53]",7,"[20, 31, 36]",3,"[7, 11, 20, 32, 36, 53]",6,"[20, 31, 36]",3,"[7, 11, 32, 36]",4,"[20, 31, 36]",3,"[7, 11, 32, 36, 44]",5,"[31, 36]",2,"[7, 11, 32, 36]",4,[31],1,"[7, 32]",2,[],0,"[7, 32]",2,[],0,[32],1,[],0,[],0,[],0,[],0
4,6,"[9, 11, 41, 43, 59]",5,"[11, 43, 59]",3,"[9, 11, 41, 43, 59]",5,"[11, 43, 59]",3,"[9, 11, 41, 43, 59]",5,"[11, 43, 59]",3,"[9, 11, 41, 43, 59]",5,"[43, 59]",2,"[43, 59]",2,"[43, 59]",2,"[43, 59]",2,"[43, 59]",2,"[43, 59]",2,"[43, 59]",2,"[43, 59]",2,"[43, 59]",2,"[43, 59]",2,"[43, 59]",2,[59],1,"[43, 59]",2,[59],1,"[43, 59]",2
4,7,"[5, 17, 36, 43, 58, 62]",6,"[13, 27, 43, 55, 62]",5,"[5, 17, 36, 43, 58, 62]",6,"[13, 27, 43, 55, 62]",5,"[5, 36, 43, 58, 62]",5,"[13, 27, 43, 55, 62]",5,"[5, 17, 36, 43, 62]",5,"[13, 27, 43, 55, 62]",5,"[5, 17, 36, 43, 62]",5,"[27, 43, 55, 62]",4,"[5, 17, 36]",3,[27],1,"[5, 17, 36]",3,[27],1,"[5, 17, 36]",3,[27],1,"[5, 17, 36]",3,[27],1,"[5, 17, 36]",3,[27],1,"[5, 17, 36]",3,[27],1
4,8,"[0, 6, 19, 20, 41, 47, 58]",7,"[0, 2, 19, 27, 41, 43, 53]",7,"[0, 6, 19, 20, 41, 47, 58]",7,"[0, 2, 19, 27, 41, 43, 53]",7,"[0, 19, 41, 47, 58]",5,"[0, 2, 19, 27, 41, 43, 53]",7,"[0, 19, 58]",3,"[0, 2, 19, 27, 41, 43, 53]",7,"[0, 19, 58]",3,"[0, 2, 19, 27, 41, 43, 53]",7,"[0, 19, 58]",3,"[0, 2, 19, 27, 41, 43, 53]",7,"[0, 19, 58]",3,"[0, 2, 27, 41, 43]",5,"[0, 19, 58]",3,"[0, 2, 43]",3,"[0, 19, 58]",3,[43],1,"[0, 19, 58]",3,[43],1,"[0, 19, 58]",3,[43],1
4,9,"[2, 11, 19, 20, 32, 38, 55]",7,"[2, 4, 13, 15, 38, 39, 43, 48]",8,"[2, 11, 19, 20, 32, 38, 55]",7,"[2, 4, 13, 15, 38, 39, 43, 48]",8,"[2, 11, 19, 20, 38, 55]",6,"[2, 4, 13, 15, 38, 39, 43, 48]",8,"[2, 11, 20, 38, 55]",5,"[2, 4, 13, 15, 38, 39, 43, 48]",8,"[2, 11, 20, 38, 55]",5,"[2, 4, 13, 15, 39, 43, 48]",7,"[2, 11, 20, 38, 55]",5,"[2, 4, 13, 15, 39, 43, 48]",7,"[2, 11, 20, 38, 55]",5,"[2, 4, 13, 39, 43, 48]",6,"[2, 20, 38, 55]",4,"[2, 4, 13, 39, 43, 48]",6,"[2, 20, 55]",3,"[2, 13, 39, 43]",4,"[2, 20, 55]",3,"[2, 13, 39, 43]",4,"[2, 20, 55]",3,"[39, 43]",2
4,10,"[4, 49, 54]",3,"[8, 11, 16, 18, 23, 27, 29, 36, 51, 54]",10,"[4, 49, 54]",3,"[8, 11, 16, 18, 23, 27, 29, 36, 51, 54]",10,"[4, 49, 54]",3,"[8, 11, 16, 18, 27, 29, 36, 51, 54]",9,"[4, 49, 54]",3,"[8, 11, 16, 18, 29, 36, 51, 54]",8,"[4, 49, 54]",3,"[8, 16, 18, 29, 36, 51, 54]",7,"[4, 49]",2,"[8, 18, 29, 36, 51, 54]",6,"[4, 49]",2,"[8, 18, 36, 51, 54]",5,[49],1,"[8, 18, 29, 36, 51, 54]",6,[49],1,"[8, 36, 51]",3,[49],1,"[8, 36, 51]",3,[49],1,"[8, 36, 51]",3
4,11,"[5, 6, 10, 31, 32, 42, 54]",7,"[5, 6, 10, 32, 42, 54]",6,"[5, 6, 10, 31, 32, 42, 54]",7,"[5, 6, 10, 32, 42, 54]",6,"[6, 10, 31, 32, 42]",5,"[6, 10, 32, 42]",4,"[6, 10, 31, 42]",4,"[6, 10, 42]",3,"[6, 10, 31, 42]",4,"[6, 10, 42]",3,"[6, 10, 31, 42]",4,"[6, 10, 42]",3,"[6, 10, 31, 42]",4,"[6, 42]",2,"[6, 10, 31, 42]",4,"[6, 42]",2,"[6, 10, 31, 42]",4,[42],1,"[6, 10, 31, 42]",4,[42],1,"[6, 31, 42]",3,[42],1
5,0,"[2, 15, 16, 20, 22, 23, 35, 45]",8,"[2, 16, 20, 22, 23, 35, 45]",7,"[2, 15, 16, 20, 22, 23, 35, 45]",8,"[2, 16, 20, 22, 23, 35, 45]",7,"[2, 15, 16, 22, 23, 35]",6,"[2, 16, 22, 23, 35, 45]",6,"[2, 15, 16, 22, 23, 35]",6,"[2, 16, 22, 23, 35, 45]",6,"[2, 15, 16, 22, 23, 35]",6,"[2, 16, 22, 23, 45]",5,"[2, 15, 16, 22, 23, 35]",6,"[2, 16, 23, 45]",4,"[2, 15, 16, 23, 35]",5,"[2, 16, 23]",3,"[2, 15, 16, 23, 35]",5,"[2, 16, 23]",3,"[15, 16, 23]",3,"[2, 23]",2,"[15, 16]",2,"[2, 23]",2,"[15, 16]",2,[23],1
5,1,"[0, 4, 13, 14, 21, 30, 43, 56]",8,"[0, 13, 14, 21, 30, 31]",6,"[0, 4, 13, 14, 21, 30, 43, 56]",8,"[0, 13, 14, 21, 30, 31]",6,"[0, 13, 14, 30, 43, 56]",6,"[0, 13, 14, 21, 30]",5,"[0, 13, 21, 30]",4,"[0, 13, 14, 21, 30]",5,"[0, 30]",2,"[0, 13, 14, 30]",4,[0],1,"[0, 14, 30]",3,[0],1,"[0, 21, 30]",3,[0],1,"[21, 30]",2,[0],1,[30],1,[0],1,[30],1,[],0,[],0
5,2,"[10, 12, 21, 23, 47, 62]",6,"[1, 10, 12, 19, 21, 25, 27, 49, 62]",9,"[10, 12, 21, 23, 47, 62]",6,"[1, 10, 12, 19, 21, 25, 27, 49, 62]",9,"[10, 12, 21, 47, 62]",5,"[1, 10, 12, 19, 21, 27, 49, 62]",8,"[10, 12, 21, 47, 62]",5,"[1, 10, 12, 19, 21, 27, 49, 62]",8,"[10, 12, 21, 47, 62]",5,"[1, 10, 12, 19, 21, 27, 49, 62]",8,"[10, 12, 21, 47, 62]",5,"[1, 10, 12, 19, 21, 27, 49, 62]",8,"[10, 12, 21, 47, 62]",5,"[1, 19, 21, 49, 62]",5,[47],1,"[1, 19, 49]",3,[47],1,"[19, 49]",2,[47],1,"[19, 49]",2,[47],1,"[19, 49]",2
5,3,"[1, 6, 22, 60, 62]",5,"[5, 13, 22, 23, 28, 33, 60]",7,"[1, 6, 22, 60, 62]",5,"[5, 13, 22, 23, 28, 33, 60]",7,"[1, 6, 60, 62]",4,"[5, 13, 23, 33]",4,"[1, 6, 60, 62]",4,"[5, 23, 33]",3,"[1, 6, 60, 62]",4,"[5, 33]",2,"[1, 6, 60]",3,[33],1,"[1, 6, 60]",3,"[28, 33]",2,"[1, 60]",2,"[28, 33]",2,"[1, 60]",2,"[28, 33]",2,[60],1,[],0,[60],1,[],0
5,4,"[4, 16, 17, 28, 29, 36, 59, 62]",8,"[2, 26, 27, 28, 29, 36, 40, 62]",8,"[4, 16, 17, 28, 29, 36, 59, 62]",8,"[2, 26, 27, 28, 29, 36, 40, 62]",8,"[4, 16, 17, 28, 29, 36, 62]",7,"[2, 26, 27, 28, 29, 36, 40]",7,"[4, 16, 17, 28, 36]",5,"[2, 26, 27, 28, 29, 36]",6,"[16, 17, 28, 36]",4,"[2, 26, 27, 28, 29, 36]",6,"[16, 17, 28, 36]",4,"[2, 26, 27]",3,"[16, 17, 28, 36]",4,"[2, 26, 27]",3,"[16, 17, 28]",3,"[2, 26, 27]",3,"[17, 28]",2,"[2, 26, 27]",3,[17],1,"[2, 26, 27]",3,[17],1,[2],1
5,5,"[10, 20, 30, 41, 57]",5,"[26, 30, 43, 57, 62]",5,"[10, 20, 30, 41, 57]",5,"[26, 30, 43, 57, 62]",5,"[10, 20, 41, 57]",4,"[26, 30, 43, 57, 62]",5,"[10, 30, 41, 57]",4,"[26, 30, 43, 57, 62]",5,"[10, 30, 41]",3,"[26, 30, 43, 57]",4,"[10, 30, 41]",3,"[26, 30, 43]",3,"[10, 30, 41]",3,"[30, 43, 62]",3,"[10, 30, 41]",3,"[30, 43, 62]",3,"[10, 30, 41]",3,"[30, 43, 62]",3,"[10, 30]",2,"[30, 43, 62]",3,"[10, 30]",2,"[30, 62]",2
5,6,"[0, 3, 4, 12, 25, 32, 54, 58]",8,"[0, 3, 4, 12, 18, 21, 25, 38]",8,"[0, 3, 4, 12, 25, 32, 54, 58]",8,"[0, 3, 4, 12, 18, 21, 25, 38]",8,"[0, 3, 4, 12, 25, 32, 54, 58]",8,"[0, 3, 4, 12, 21, 25]",6,"[0, 3, 4, 12, 25, 32, 54, 58]",8,"[0, 3, 4, 12, 25]",5,"[0, 3, 12, 25, 32, 54, 58]",7,"[0, 3, 4, 12, 25]",5,"[3, 12, 25, 32, 54, 58]",6,"[0, 3, 12, 25]",4,"[12, 25, 32, 54, 58]",5,"[0, 3, 12, 25]",4,"[12, 25, 32, 54, 58]",5,"[3, 12, 25]",3,"[12, 25, 32, 58]",4,"[12, 25]",2,"[12, 25, 32, 58]",4,"[12, 25]",2,"[12, 25, 32, 58]",4,"[18, 25]",2
5,7,"[0, 18, 19, 27, 37, 40, 58, 62]",8,"[0, 10, 13, 18, 25, 42, 58, 62]",8,"[0, 18, 19, 27, 37, 40, 58, 62]",8,"[0, 10, 13, 18, 25, 42, 58, 62]",8,"[0, 18, 19, 27, 37, 40, 58, 62]",8,"[0, 10, 13, 25, 42, 58, 62]",7,"[0, 19, 27, 40, 58, 62]",6,"[0, 10, 13, 25, 42, 58, 62]",7,"[0, 27, 40, 58, 62]",5,"[0, 10, 13, 25, 42, 58, 62]",7,"[0, 27, 40, 58, 62]",5,"[0, 10, 13, 25, 42, 58, 62]",7,"[0, 27, 40, 62]",4,"[0, 10, 13, 25, 42, 58, 62]",7,"[0, 40, 62]",3,"[0, 10, 13, 42, 58, 62]",6,[0],1,"[0, 10, 13, 42, 62]",5,[0],1,"[0, 10, 42, 62]",4,[0],1,"[0, 10, 13, 42]",4
5,8,"[5, 11, 18, 21, 26, 35, 53, 62, 63]",9,"[4, 18, 26, 36, 53, 58, 62]",7,"[5, 11, 18, 21, 26, 35, 53, 62, 63]",9,"[4, 18, 26, 36, 53, 58, 62]",7,"[11, 21, 26, 35, 53, 62, 63]",7,"[4, 18, 26, 36, 53, 58, 62]",7,"[21, 26, 35, 53, 62, 63]",6,"[4, 18, 26, 36, 53, 62]",6,"[21, 26, 53, 62, 63]",5,"[4, 18, 26, 36, 53, 62]",6,"[21, 26, 53, 62, 63]",5,"[4, 26, 36, 53, 62]",5,"[21, 26, 53, 62, 63]",5,"[4, 26, 36, 62]",4,"[26, 53, 62, 63]",4,"[4, 26, 36, 62]",4,"[26, 53, 62, 63]",4,"[4, 26, 36, 62]",4,"[53, 62, 63]",3,"[26, 36, 62]",3,"[62, 63]",2,"[26, 62]",2
5,9,"[20, 22, 37, 39, 47, 57]",6,"[14, 30, 31, 36, 37, 39, 47, 57]",8,"[20, 22, 37, 39, 47, 57]",6,"[14, 30, 31, 36, 37, 39, 47, 57]",8,"[20, 22, 47, 57]",4,"[30, 31, 36, 39, 47, 57]",6,"[20, 22, 57]",3,"[30, 31, 36, 39, 47, 57]",6,"[20, 22, 57]",3,"[30, 31, 36, 39, 47, 57]",6,"[20, 57]",2,"[30, 31, 36, 47, 57]",5,"[20, 57]",2,"[14, 30, 31, 36, 47, 57]",6,"[20, 57]",2,"[14, 30, 36, 47, 57]",5,"[20, 57]",2,"[14, 30, 36, 57]",4,[20],1,"[14, 30, 36, 57]",4,[],0,"[14, 36, 57]",3
5,10,"[6, 14, 16, 24, 48, 49, 52]",7,"[6, 14, 21, 28, 29, 52]",6,"[6, 14, 16, 24, 48, 49, 52]",7,"[6, 14, 21, 28, 29, 52]",6,"[6, 14, 24, 49, 52]",5,"[6, 14, 21, 28, 29, 52]",6,"[6, 14, 24, 49, 52]",5,"[14, 21, 28, 29, 52]",5,"[14, 24, 52]",3,"[14, 21, 28, 29, 52]",5,"[24, 52]",2,"[14, 21, 28, 29, 52]",5,"[24, 48, 52]",3,"[14, 21, 28, 29, 52]",5,"[48, 52]",2,"[21, 28, 29, 52]",4,"[16, 48]",2,"[21, 28, 29]",3,[48],1,"[21, 28, 29]",3,[48],1,"[21, 28, 29]",3
5,11,"[3, 5, 16, 22, 27, 41, 48, 50]",8,"[16, 22, 27, 29, 35, 36, 41, 45, 48]",9,"[3, 5, 16, 22, 27, 41, 48, 50]",8,"[16, 22, 27, 29, 35, 36, 41, 45, 48]",9,"[3, 22, 41, 48, 50]",5,"[16, 22, 27, 29, 35, 36, 41, 48]",8,"[3, 5, 22, 41, 48, 50]",6,"[16, 27, 29, 35, 36, 41, 48]",7,"[3, 5, 22, 41, 48, 50]",6,"[16, 27, 35, 36, 41, 48]",6,"[3, 5, 41, 50]",4,"[16, 27, 35, 41, 48]",5,"[5, 41, 50]",3,"[41, 48]",2,"[5, 41, 50]",3,"[41, 48]",2,"[5, 41, 50]",3,[41],1,"[5, 41, 50]",3,[41],1,"[5, 41, 50]",3,[41],1
6,0,"[33, 38, 48, 49]",4,"[6, 19, 32, 42, 44, 48, 60]",7,"[33, 38, 48, 49]",4,"[6, 19, 32, 42, 44, 48, 60]",7,"[33, 38, 48, 49]",4,"[19, 32, 42, 44, 48, 60]",6,"[33, 38, 48, 49]",4,"[19, 32, 42, 44, 48, 60]",6,[49],1,"[19, 32, 42, 44, 48, 60]",6,[49],1,"[19, 32, 42, 44, 60]",5,[49],1,"[19, 32, 42, 44, 60]",5,[49],1,"[19, 32, 42, 44, 60]",5,[49],1,"[19, 32, 42, 44, 60]",5,[49],1,"[19, 32, 42, 44, 60]",5,[],0,"[32, 42, 44, 60]",4
6,1,"[12, 14, 18, 22, 29, 30]",6,"[12, 17, 34, 39, 41]",5,"[12, 14, 18, 22, 29, 30]",6,"[12, 17, 34, 39, 41]",5,"[12, 14, 18, 22, 29, 30]",6,"[12, 17, 39, 41]",4,"[12, 14, 18, 22, 29, 30]",6,"[12, 17, 39, 41]",4,"[12, 14, 18, 22, 29, 30]",6,"[12, 17, 39, 41]",4,"[12, 14, 22, 29, 30]",5,"[12, 17, 39, 41]",4,"[12, 14, 22, 29, 30]",5,"[12, 17, 39, 41]",4,"[12, 22, 29, 30]",4,"[12, 39, 41]",3,"[12, 22, 29]",3,"[12, 39]",2,"[12, 29]",2,"[12, 39]",2,[29],1,[39],1
6,2,"[0, 10, 26, 30, 53, 55]",6,"[0, 25, 26, 30, 37, 55, 59]",7,"[0, 10, 26, 30, 53, 55]",6,"[0, 25, 26, 30, 37, 55, 59]",7,"[0, 10, 26, 30, 53, 55]",6,"[0, 25, 26, 30, 37, 55]",6,"[0, 10, 30, 55]",4,"[0, 25, 26, 30, 55]",5,"[0, 10, 55]",3,"[0, 25, 30, 55]",4,"[0, 10, 55]",3,"[0, 25, 30, 55]",4,"[0, 10, 55]",3,"[0, 25, 37, 55]",4,"[0, 10, 55]",3,"[0, 25, 30, 37, 55]",5,"[0, 10, 55]",3,"[0, 25, 37, 55]",4,"[0, 55]",2,"[0, 25, 37, 55]",4,"[0, 55]",2,"[0, 25, 37, 55]",4
6,3,"[10, 20, 23, 62]",4,"[5, 10, 20, 23, 62]",5,"[10, 20, 23, 62]",4,"[5, 10, 20, 23, 62]",5,"[10, 23, 62]",3,"[5, 10, 20, 23, 62]",5,"[10, 62]",2,"[5, 10, 20, 23]",4,[10],1,"[5, 10, 20, 23, 62]",5,[10],1,"[5, 10, 20, 23]",4,[10],1,"[5, 10, 20, 23]",4,[10],1,"[10, 20, 23]",3,[10],1,"[10, 20, 23]",3,[10],1,"[10, 20]",2,[10],1,[10],1
6,4,"[0, 14, 16, 29, 39, 51, 54]",7,"[0, 5, 18, 23, 29, 39, 42, 52]",8,"[0, 14, 16, 29, 39, 51, 54]",7,"[0, 5, 18, 23, 29, 39, 42, 52]",8,"[0, 14, 16, 39, 54]",5,"[5, 18, 23, 29, 39, 42, 52]",7,"[14, 16, 39, 54]",4,"[5, 18, 23, 29, 39, 42, 52]",7,"[14, 16, 39]",3,"[5, 18, 29, 39, 42, 52]",6,"[14, 16, 39, 54]",4,"[5, 18, 29, 39, 52]",5,"[0, 14, 16, 39]",4,"[5, 18, 39, 52]",4,"[14, 16, 39]",3,"[5, 18, 39, 52]",4,"[14, 16, 39]",3,"[5, 18, 39, 52]",4,"[14, 16, 51]",3,"[5, 18, 52]",3,"[14, 16, 51]",3,"[5, 18, 52]",3
6,5,"[16, 17, 40, 46, 50, 55]",6,"[28, 40, 50, 55, 60]",5,"[16, 17, 40, 46, 50, 55]",6,"[28, 40, 50, 55, 60]",5,"[17, 40, 46, 50, 55]",5,"[28, 40, 50, 60]",4,"[17, 40, 46, 50, 55]",5,"[28, 40, 50, 60]",4,"[17, 40, 46, 50, 55]",5,"[28, 40, 50, 60]",4,"[17, 40, 46, 50]",4,"[28, 40, 50, 60]",4,"[17, 40, 46, 50]",4,"[28, 40, 50, 60]",4,"[17, 40, 46, 50]",4,"[28, 40, 50]",3,"[17, 40, 50]",3,"[28, 40, 50]",3,"[17, 50]",2,"[28, 50]",2,"[17, 50]",2,"[28, 50]",2
6,6,"[0, 18, 31, 38, 52, 53]",6,"[2, 11, 19, 24, 36, 53, 54, 60, 63]",9,"[0, 18, 31, 38, 52, 53]",6,"[2, 11, 19, 24, 36, 53, 54, 60, 63]",9,"[0, 38, 52, 53]",4,"[2, 11, 24, 36, 53, 54, 60, 63]",8,"[0, 38]",2,"[2, 11, 24, 36, 53, 54, 60, 63]",8,"[0, 38, 53]",3,"[2, 11, 19, 24, 36, 53, 54, 60, 63]",9,"[0, 38, 53]",3,"[11, 19, 24, 36, 53, 54, 60, 63]",8,"[0, 38, 53]",3,"[11, 19, 24, 36, 53, 54, 60, 63]",8,[53],1,"[11, 19, 24, 36, 53, 54, 60, 63]",8,[53],1,"[2, 11, 19, 24, 36, 53, 54, 60, 63]",9,[53],1,"[2, 19, 24, 53, 54, 60, 63]",7,[53],1,"[2, 24, 53, 54, 60, 63]",6
6,7,"[19, 20, 23, 26, 30, 37, 49]",7,"[7, 19, 22, 25, 30, 49, 51, 59, 62]",9,"[19, 20, 23, 26, 30, 37, 49]",7,"[7, 19, 22, 25, 30, 49, 51, 59, 62]",9,"[19, 20, 23, 30, 37, 49]",6,"[7, 19, 22, 25, 30, 49, 51, 59, 62]",9,"[19, 20, 23, 30, 37, 49]",6,"[7, 19, 22, 25, 30, 49, 51, 59, 62]",9,"[20, 23, 26, 30, 37, 49]",6,"[7, 19, 22, 25, 30, 49, 51, 59, 62]",9,"[19, 20, 23, 26, 30, 37]",6,"[7, 19, 22, 25, 30, 49, 51, 59, 62]",9,"[19, 23, 26, 30, 37]",5,"[7, 19, 22, 25, 30, 49, 59, 62]",8,"[19, 23]",2,"[7, 19, 25, 49, 59, 62]",6,"[19, 23, 37]",3,"[7, 19, 25, 49, 59, 62]",6,"[23, 26, 30]",3,"[7, 19, 25, 49, 59, 62]",6,"[19, 23, 30]",3,"[19, 25, 49, 59, 62]",5
6,8,"[4, 12, 18, 25, 28, 45, 49]",7,"[12, 18, 28, 49]",4,"[4, 12, 18, 25, 28, 45, 49]",7,"[12, 18, 28, 49]",4,"[12, 18, 25, 28, 49]",5,"[12, 18, 28, 49]",4,"[12, 25, 28]",3,"[12, 28, 49]",3,"[12, 25, 28]",3,"[12, 28, 49]",3,"[12, 25, 28]",3,"[12, 28, 49]",3,"[12, 25, 28]",3,"[12, 28]",2,"[12, 25, 28]",3,[28],1,"[12, 25]",2,[],0,"[12, 25]",2,[],0,"[12, 25]",2,[],0
6,9,"[1, 14, 22, 24, 45, 54, 63]",7,"[0, 5, 7, 8, 22, 31, 33, 55, 56]",9,"[1, 14, 22, 24, 45, 54, 63]",7,"[0, 5, 7, 8, 22, 31, 33, 55, 56]",9,"[1, 22, 24, 45, 54]",5,"[0, 5, 7, 8, 22, 31, 33, 55, 56]",9,"[1, 22, 24, 54]",4,"[0, 5, 7, 8, 22, 31, 33, 55, 56]",9,"[22, 24, 54]",3,"[0, 5, 7, 8, 22, 31, 33, 55, 56]",9,"[22, 24, 54]",3,"[0, 5, 7, 8, 22, 31, 33, 55, 56]",9,"[22, 24, 54]",3,"[0, 5, 7, 8, 22, 33, 55, 56]",8,"[1, 22, 24, 54]",4,"[0, 5, 7, 8, 22, 33, 55, 56]",8,"[1, 22, 24, 54]",4,"[0, 5, 7, 8, 22, 55, 56]",7,"[1, 22, 24, 54]",4,"[0, 5, 8, 22, 55, 56]",6,"[1, 22, 24, 54]",4,"[0, 5, 8, 22, 55, 56]",6
6,10,"[3, 28, 43, 46, 57]",5,"[5, 6, 20, 38, 42, 53, 57, 60]",8,"[3, 28, 43, 46, 57]",5,"[5, 6, 20, 38, 42, 53, 57, 60]",8,"[3, 43, 57]",3,"[5, 6, 20, 38, 42, 53, 57, 60]",8,"[3, 28, 43, 46, 57]",5,"[5, 6, 20, 38, 42, 53, 57]",7,"[3, 28, 46, 57]",4,"[5, 6, 20, 38, 42, 53, 57]",7,"[28, 57]",2,"[5, 6, 20, 38, 42, 53, 57]",7,"[28, 57]",2,"[5, 6, 20, 38, 42, 53, 57]",7,"[28, 57]",2,"[5, 6, 20, 38, 42, 53, 57]",7,"[28, 57]",2,"[5, 6, 20, 38, 42, 53, 57]",7,[57],1,"[5, 6, 20, 38, 42, 53, 57, 60]",8,[57],1,"[5, 6, 20, 38, 53, 57, 60]",7
6,11,"[11, 25, 29, 49, 58, 59]",6,"[7, 15, 20, 26, 46, 58, 59]",7,"[11, 25, 29, 49, 58, 59]",6,"[7, 15, 20, 26, 46, 58, 59]",7,"[11, 25, 29, 49, 59]",5,"[7, 15, 20, 46, 58, 59]",6,"[11, 25, 49, 59]",4,"[7, 15, 20, 46, 58, 59]",6,"[11, 49, 59]",3,"[7, 15, 20, 46, 58, 59]",6,[59],1,"[7, 20, 46, 58, 59]",5,"[49, 59]",2,"[7, 20, 46, 58, 59]",5,"[11, 59]",2,"[7, 46, 58, 59]",4,"[11, 59]",2,"[7, 46, 58, 59]",4,"[11, 59]",2,"[7, 46, 58, 59]",4,"[11, 59]",2,"[7, 58, 59]",3
7,0,"[3, 19, 33, 35, 41, 51]",6,"[19, 26, 33, 42, 59]",5,"[3, 19, 33, 35, 41, 51]",6,"[19, 26, 33, 42, 59]",5,"[3, 35, 41, 51]",4,"[19, 26, 33, 42, 59]",5,"[3, 35, 41, 51]",4,"[26, 33, 42, 59]",4,"[3, 35]",2,"[26, 33, 42, 59]",4,[3],1,"[26, 33]",2,[3],1,"[26, 33]",2,[3],1,"[26, 33]",2,[3],1,"[26, 33]",2,[3],1,[26],1,[],0,[26],1
7,1,"[2, 14, 21, 31, 34, 35, 62]",7,"[2, 11, 21, 36, 41, 52]",6,"[2, 14, 21, 31, 34, 35, 62]",7,"[2, 11, 21, 36, 41, 52]",6,"[14, 21, 31, 34, 62]",5,"[2, 11, 21, 41, 52]",5,"[14, 31, 34, 62]",4,"[2, 11, 21, 41, 52]",5,"[14, 21, 31, 34, 62]",5,"[2, 11, 21, 41, 52]",5,"[14, 21, 31, 34, 62]",5,"[2, 11, 21, 41, 52]",5,"[14, 21, 31, 34, 62]",5,"[2, 11, 21, 41, 52]",5,"[14, 31, 34, 62]",4,"[2, 11, 21, 41, 52]",5,"[31, 34, 62]",3,"[2, 11, 21, 41, 52]",5,"[34, 62]",2,"[41, 52]",2,[],0,[41],1
7,2,"[8, 11, 18, 33, 48]",5,"[5, 8, 11, 13, 18, 23, 33, 47, 48]",9,"[8, 11, 18, 33, 48]",5,"[5, 8, 11, 13, 18, 23, 33, 47, 48]",9,"[5, 8, 18]",3,"[5, 8, 11, 13, 18, 23, 33, 47, 48]",9,"[8, 18]",2,"[5, 8, 11, 13, 18, 23, 33, 47, 48]",9,"[8, 18]",2,"[5, 8, 11, 13, 18, 23, 33, 47, 48]",9,[18],1,"[5, 8, 11, 13, 18, 33, 47, 48]",8,[18],1,"[5, 11, 13, 18, 23, 33, 47, 48]",8,[18],1,"[5, 11, 13, 18, 23, 33, 47, 48]",8,"[18, 33]",2,"[5, 11, 13, 18, 23, 33, 47]",7,[18],1,"[11, 13, 18, 23, 33, 47]",6,"[18, 33]",2,"[5, 11, 13, 18, 23, 33, 47]",7
7,3,"[11, 30, 45, 47, 52]",5,"[10, 15, 18, 25, 30, 33, 40, 45, 52]",9,"[11, 30, 45, 47, 52]",5,"[10, 15, 18, 25, 30, 33, 40, 45, 52]",9,"[11, 30, 47, 52]",4,"[10, 18, 30, 33, 40, 45, 52]",7,"[11, 30, 47, 52]",4,"[10, 18, 30, 33, 40, 45, 52]",7,"[11, 30, 47, 52]",4,"[10, 15, 30, 40, 45, 52]",6,"[11, 30, 47, 52]",4,"[10, 30, 40, 45, 52]",5,"[11, 30, 47, 52]",4,"[10, 30, 40, 45, 52]",5,"[11, 30, 47, 52]",4,"[15, 30, 40, 45, 52]",5,"[30, 47, 52]",3,"[10, 15, 30, 45, 52]",5,"[30, 47, 52]",3,"[15, 30, 40, 45, 52]",5,"[47, 52]",2,"[15, 30, 52]",3
7,4,"[1, 6, 19, 24, 44, 48, 53, 54]",8,"[5, 7, 13, 18, 20, 53, 62]",7,"[1, 6, 19, 24, 44, 48, 53, 54]",8,"[5, 7, 13, 18, 20, 53, 62]",7,"[1, 6, 19, 24, 44, 48, 53, 54]",8,"[5, 13, 20, 53, 62]",5,"[1, 6, 19, 24, 44, 48, 53, 54]",8,"[13, 20, 53, 62]",4,"[1, 6, 19, 24, 44, 48, 53]",7,"[13, 20, 53, 62]",4,"[1, 6, 19, 24, 44, 53]",6,"[13, 20, 53, 62]",4,"[1, 6, 19, 24, 44, 53]",6,"[13, 20, 53, 62]",4,"[1, 6, 19, 24, 44, 53]",6,"[13, 20, 53, 62]",4,"[1, 6, 19, 24, 44, 53]",6,"[13, 20, 53, 62]",4,"[1, 6, 24, 53]",4,"[13, 62]",2,"[1, 53]",2,"[13, 62]",2
7,5,"[12, 27, 63]",3,"[4, 10, 11, 12, 14, 27, 32, 60, 62]",9,"[12, 27, 63]",3,"[4, 10, 11, 12, 14, 27, 32, 60, 62]",9,"[12, 27, 63]",3,"[4, 11, 12, 14, 27, 32, 60, 62]",8,"[12, 27, 63]",3,"[4, 10, 11, 12, 27, 32, 60, 62]",8,"[12, 27, 63]",3,"[4, 10, 11, 12, 27, 32, 60, 62]",8,"[12, 27, 63]",3,"[4, 10, 11, 12, 14, 27, 32, 60, 62]",9,"[12, 27, 63]",3,"[4, 10, 11, 12, 27, 32, 60]",7,"[12, 27]",2,"[4, 10, 11, 12, 27, 32]",6,"[12, 27]",2,"[4, 10, 11, 12, 27, 32]",6,[12],1,"[4, 10, 11, 12, 27, 32, 60]",7,[12],1,"[4, 10, 11, 12, 27, 32, 60]",7
7,6,"[27, 36, 38, 39, 44, 57, 61]",7,"[27, 36, 38, 39, 44, 57, 61]",7,"[27, 36, 38, 39, 44, 57, 61]",7,"[27, 36, 38, 39, 44, 57, 61]",7,"[27, 36, 38, 39, 44, 57, 61]",7,"[27, 36, 38, 39, 44, 57, 61]",7,"[27, 36, 38, 39, 44, 57, 61]",7,"[27, 36, 38, 39, 44, 57]",6,"[27, 36, 38, 39, 44, 57]",6,"[27, 36, 38, 39, 44]",5,"[27, 36, 38, 39, 44, 57]",6,"[36, 38, 39, 44]",4,"[27, 36, 38, 39, 44, 57]",6,"[36, 38, 39, 44]",4,"[27, 36, 38, 39, 44]",5,"[36, 38, 39, 44]",4,"[36, 38, 39, 44, 57]",5,"[36, 38, 44]",3,"[27, 36, 38, 44]",4,"[27, 36, 38, 44]",4,"[36, 38, 39, 44]",4,"[27, 36, 38, 44]",4
7,7,"[6, 36, 45, 46, 57]",5,"[7, 36, 45, 46, 51, 57]",6,"[6, 36, 45, 46, 57]",5,"[7, 36, 45, 46, 51, 57]",6,"[6, 36, 45]",3,"[7, 36, 45, 51]",4,"[6, 36, 45]",3,"[36, 45, 51]",3,"[6, 36, 45]",3,"[36, 45, 51]",3,"[6, 36, 45]",3,"[36, 45, 51]",3,"[6, 36, 45]",3,"[7, 36, 45, 51]",4,"[6, 36, 45]",3,"[36, 45, 51]",3,"[6, 36, 45]",3,"[36, 45, 51]",3,"[36, 45]",2,"[7, 36, 45]",3,"[36, 45]",2,"[7, 36, 45]",3
7,8,"[1, 29, 37, 56]",4,"[11, 27, 30, 36, 37, 50, 59, 61, 63]",9,"[1, 29, 37, 56]",4,"[11, 27, 30, 36, 37, 50, 59, 61, 63]",9,"[1, 29, 37, 56]",4,"[11, 27, 30, 36, 37, 50, 59, 61]",8,"[29, 37]",2,"[11, 27, 30, 36, 37, 50, 59, 61]",8,"[29, 37]",2,"[11, 27, 30, 36, 37, 59, 61]",7,"[29, 37]",2,"[11, 27, 30, 36, 37, 59, 61]",7,[29],1,"[11, 27, 30, 36, 37, 59, 61]",7,"[29, 37]",2,"[11, 27, 36, 37, 59, 61]",6,[29],1,"[11, 27, 36, 37, 59, 61]",6,"[1, 29]",2,"[11, 27, 36, 37, 59, 61]",6,"[1, 29]",2,"[11, 36, 37, 59, 61]",5
7,9,"[23, 43, 59]",3,"[0, 4, 15, 18, 23, 44, 61]",7,"[23, 43, 59]",3,"[0, 4, 15, 18, 23, 44, 61]",7,"[23, 43, 59]",3,"[0, 15, 23, 44, 61]",5,"[23, 43, 59]",3,"[0, 15, 23, 44, 61]",5,"[23, 59]",2,"[0, 15, 23, 44, 61]",5,"[23, 59]",2,"[0, 15, 23, 44, 61]",5,"[23, 59]",2,"[23, 44, 61]",3,"[23, 59]",2,"[23, 44, 61]",3,"[23, 59]",2,"[23, 44]",2,"[23, 43]",2,[23],1,[23],1,[],0
7,10,"[34, 53, 55, 61]",4,"[35, 41, 53, 59]",4,"[34, 53, 55, 61]",4,"[35, 41, 53, 59]",4,"[34, 55, 61]",3,"[41, 53, 59]",3,"[55, 61]",2,"[53, 59]",2,[61],1,"[41, 53, 59]",3,[61],1,"[53, 59]",2,[61],1,"[53, 59]",2,[],0,[53],1,[],0,"[41, 53]",2,[],0,"[41, 59]",2,[],0,"[41, 59]",2
7,11,"[5, 7, 21, 29, 41, 43, 50]",7,"[1, 21, 29, 41, 50]",5,"[5, 7, 21, 29, 41, 43, 50]",7,"[1, 21, 29, 41, 50]",5,"[5, 7, 21, 41, 50]",5,"[1, 21, 41, 50]",4,"[5, 7, 21, 41, 50]",5,"[1, 21, 41, 50]",4,"[5, 7, 21, 41, 50]",5,"[1, 21, 41, 50]",4,"[5, 7, 21, 41, 50]",5,"[1, 21, 41, 50]",4,"[5, 7, 21, 41, 50]",5,"[1, 21, 41, 50]",4,"[5, 7, 21, 50]",4,"[1, 21, 50]",3,"[5, 7, 21, 50]",4,"[1, 21, 50]",3,"[5, 7, 21, 50]",4,"[21, 50]",2,"[5, 7, 21]",3,[21],1
8,0,"[9, 15, 46, 56]",4,"[15, 38, 39, 42, 53, 56]",6,"[9, 15, 46, 56]",4,"[15, 38, 39, 42, 53, 56]",6,"[15, 46, 56]",3,"[15, 38, 39, 42, 53, 56]",6,"[15, 46, 56]",3,"[15, 38, 39, 56]",4,"[15, 46]",2,"[15, 39]",2,[15],1,"[15, 39]",2,[15],1,"[15, 39]",2,[15],1,"[15, 39]",2,[15],1,"[15, 39]",2,[15],1,"[15, 53]",2,[],0,"[15, 53]",2
8,1,"[28, 36, 45, 53, 56]",5,"[15, 25, 36, 53]",4,"[28, 36, 45, 53, 56]",5,"[15, 25, 36, 53]",4,"[36, 53]",2,"[15, 36, 53]",3,"[36, 53]",2,"[15, 36, 53]",3,"[36, 53]",2,"[15, 36, 53]",3,"[36, 53]",2,"[15, 36, 53]",3,"[36, 53]",2,"[15, 36, 53]",3,"[36, 53]",2,"[15, 36]",2,"[28, 36]",2,"[15, 36]",2,[36],1,"[15, 36]",2,[36],1,"[15, 36]",2
8,2,"[2, 9, 28, 57]",4,"[9, 26, 44, 48, 56, 61]",6,"[2, 9, 28, 57]",4,"[9, 26, 44, 48, 56, 61]",6,"[2, 9]",2,"[26, 44, 48, 61]",4,[2],1,"[44, 48, 61]",3,[2],1,"[44, 48, 61]",3,[2],1,"[48, 61]",2,[],0,"[44, 48, 61]",3,[],0,"[44, 48, 61]",3,[],0,"[48, 61]",2,[],0,"[48, 61]",2,[],0,"[48, 61]",2
8,3,"[13, 27, 45, 46, 53]",5,"[2, 10, 16, 21, 23, 26, 56]",7,"[13, 27, 45, 46, 53]",5,"[2, 10, 16, 21, 23, 26, 56]",7,"[13, 27, 45, 46, 53]",5,"[10, 16, 21, 23]",4,"[13, 27, 45, 46, 53]",5,"[10, 16, 21]",3,"[13, 27, 45, 53]",4,[16],1,"[13, 27, 53]",3,"[10, 16]",2,"[27, 53]",2,[21],1,"[27, 53]",2,[10],1,[53],1,[10],1,[53],1,"[10, 21]",2,[],0,"[10, 21]",2
8,4,"[25, 32, 40]",3,"[17, 37]",2,"[25, 32, 40]",3,"[17, 37]",2,"[25, 32, 40]",3,[37],1,"[25, 32, 40]",3,[37],1,"[25, 32]",2,[],0,"[25, 32, 40]",3,[],0,"[25, 32]",2,[],0,"[25, 32]",2,[],0,[32],1,[],0,[32],1,[],0,[32],1,[],0
8,5,"[1, 24, 57, 62]",4,"[2, 7, 16, 62]",4,"[1, 24, 57, 62]",4,"[2, 7, 16, 62]",4,"[1, 62]",2,"[7, 16, 62]",3,"[1, 62]",2,"[7, 16, 62]",3,"[1, 62]",2,"[7, 16, 62]",3,"[1, 62]",2,"[16, 62]",2,"[1, 62]",2,"[16, 62]",2,"[1, 62]",2,"[16, 62]",2,"[1, 62]",2,"[16, 62]",2,"[1, 62]",2,"[16, 62]",2,"[1, 62]",2,[62],1
8,6,"[2, 3, 6, 7, 17, 22, 38]",7,"[6, 7, 37, 38, 57, 58, 63]",7,"[2, 3, 6, 7, 17, 22, 38]",7,"[6, 7, 37, 38, 57, 58, 63]",7,"[2, 7, 17, 38]",4,"[6, 7, 38, 58, 63]",5,"[2, 7, 17, 38]",4,"[7, 38, 58, 63]",4,"[2, 7, 17, 38]",4,"[7, 38, 58, 63]",4,"[2, 17, 38]",3,"[7, 38, 58, 63]",4,"[2, 17, 38]",3,"[7, 38, 58, 63]",4,"[2, 17, 38]",3,"[38, 58, 63]",3,"[2, 17, 38]",3,"[38, 58, 63]",3,"[2, 17, 38]",3,"[38, 63]",2,"[2, 38]",2,"[38, 63]",2
8,7,"[16, 44, 62]",3,"[3, 16, 20, 34, 36, 58, 61]",7,"[16, 44, 62]",3,"[3, 16, 20, 34, 36, 58, 61]",7,"[16, 44]",2,"[3, 16, 20, 34, 36, 58]",6,"[16, 44]",2,"[3, 16, 20, 34, 36, 61]",6,"[16, 44]",2,"[3, 16, 20, 34, 36]",5,"[16, 44]",2,"[3, 16, 20, 34, 36]",5,"[16, 44]",2,"[3, 16, 20, 34, 36]",5,"[16, 44]",2,"[3, 16, 20, 34, 36]",5,"[16, 44]",2,"[3, 16, 20, 34, 36]",5,"[16, 44]",2,"[3, 16, 20, 34]",4,[16],1,"[3, 16, 34]",3
8,8,"[10, 42, 52, 60]",4,"[10, 14, 27, 42, 57, 62]",6,"[10, 42, 52, 60]",4,"[10, 14, 27, 42, 57, 62]",6,"[10, 42, 52, 60]",4,"[10, 14, 27, 42, 57]",5,"[10, 42, 52, 60]",4,"[10, 14, 27, 42, 57]",5,"[10, 42, 52, 60]",4,"[10, 14, 27, 42, 57]",5,"[10, 42, 52, 60]",4,"[10, 14, 27, 42]",4,"[10, 42, 52]",3,"[10, 27]",2,"[10, 42]",2,"[10, 27, 42]",3,"[10, 42]",2,"[10, 27]",2,[10],1,"[10, 27]",2,[10],1,"[10, 27]",2
8,9,"[22, 25, 27, 40]",4,"[13, 16, 18, 25, 29, 30]",6,"[22, 25, 27, 40]",4,"[13, 16, 18, 25, 29, 30]",6,[22],1,"[13, 16, 18, 25, 29, 30]",6,[22],1,"[13, 16, 18, 25, 29, 30]",6,[],0,"[13, 16, 18, 25, 29, 30]",6,[],0,"[13, 16, 18, 25, 30]",5,[],0,"[13, 16, 18, 25, 30]",5,[],0,"[13, 16, 18, 30]",4,[],0,"[13, 16, 18, 30]",4,[],0,"[13, 16, 18, 30]",4,[],0,"[13, 18, 30]",3
8,10,"[15, 50, 62]",3,"[10, 15, 31, 59, 60]",5,"[15, 50, 62]",3,"[10, 15, 31, 59, 60]",5,"[15, 50]",2,"[10, 15, 59]",3,"[15, 50]",2,"[10, 15, 31]",3,[50],1,"[10, 15]",2,[50],1,[10],1,[50],1,"[10, 31]",2,[50],1,[10],1,[50],1,[10],1,[62],1,[],0,[],0,[],0
8,11,[54],1,"[15, 27, 33, 52, 56, 57, 63]",7,[54],1,"[15, 27, 33, 52, 56, 57, 63]",7,[54],1,"[15, 27, 33, 52, 56, 63]",6,[54],1,"[15, 27, 33, 52, 56, 63]",6,[54],1,"[15, 27, 33, 52, 56, 63]",6,[54],1,"[15, 27, 52, 63]",4,[],0,"[15, 27, 52]",3,[],0,"[15, 27, 52]",3,[],0,"[15, 27, 52]",3,[],0,"[15, 27, 52]",3,[],0,"[15, 27]",2
9,0,"[26, 27, 33, 61]",4,"[4, 11, 24, 30, 42, 62, 63]",7,"[26, 27, 33, 61]",4,"[4, 11, 24, 30, 42, 62, 63]",7,"[26, 27]",2,"[11, 24, 30, 42, 62, 63]",6,"[26, 27, 33, 61]",4,"[11, 24, 30, 42, 62, 63]",6,"[26, 27, 33, 61]",4,"[11, 24, 30, 42, 62]",5,"[26, 27, 33, 61]",4,"[11, 24, 30, 42, 62]",5,"[26, 27, 61]",3,"[11, 24, 30, 62]",4,"[27, 61]",2,"[11, 24, 62]",3,"[27, 61]",2,"[11, 24, 30, 62]",4,"[27, 33]",2,[11],1,"[27, 33]",2,[11],1
9,1,"[6, 14, 30, 49, 58]",5,"[6, 14, 49, 58]",4,"[6, 14, 30, 49, 58]",5,"[6, 14, 49, 58]",4,"[6, 14, 58]",3,"[6, 14, 58]",3,"[6, 14, 58]",3,"[14, 58]",2,"[6, 14, 58]",3,"[6, 14, 58]",3,"[6, 14, 58]",3,"[6, 14, 58]",3,"[6, 14, 58]",3,"[14, 58]",2,"[14, 49, 58]",3,"[14, 58]",2,"[14, 49, 58]",3,[14],1,"[14, 49, 58]",3,"[14, 58]",2,"[14, 49, 58]",3,"[14, 49, 58]",3
9,2,"[6, 33]",2,"[9, 10, 13, 33, 37, 42, 50]",7,"[6, 33]",2,"[9, 10, 13, 33, 37, 42, 50]",7,[6],1,"[9, 10, 13, 33, 37, 42, 50]",7,[6],1,"[9, 10, 13, 33, 37, 42, 50]",7,"[6, 33]",2,"[9, 10, 13, 33, 37, 42, 50]",7,[6],1,"[9, 10, 13, 37, 42]",5,[6],1,"[9, 10, 13]",3,[6],1,"[9, 13]",2,[6],1,[13],1,[],0,[9],1,[],0,[9],1
9,3,"[11, 19, 21, 34, 36, 39, 44]",7,"[11, 19, 21, 34, 36, 39, 44, 48, 51]",9,"[11, 19, 21, 34, 36, 39, 44]",7,"[11, 19, 21, 34, 36, 39, 44, 48, 51]",9,"[11, 19, 34, 39, 44]",5,"[11, 19, 34, 39, 51]",5,"[11, 19, 34, 39, 44]",5,"[11, 19, 34, 51]",4,"[11, 19, 34, 44]",4,"[11, 19, 34, 51]",4,"[11, 19, 34]",3,"[11, 19, 34]",3,"[11, 19, 34, 44]",4,"[11, 19, 34]",3,"[11, 19, 34, 44]",4,"[11, 19, 34]",3,"[19, 34, 44]",3,"[11, 19, 34]",3,"[19, 21, 34]",3,"[11, 19]",2,"[19, 21, 44]",3,"[11, 19]",2
9,4,"[2, 20]",2,"[17, 18, 20]",3,"[2, 20]",2,"[17, 18, 20]",3,[],0,"[17, 18, 20]",3,[],0,"[17, 18, 20]",3,[],0,"[17, 18, 20]",3,[],0,"[17, 20]",2,[],0,"[17, 18, 20]",3,[],0,"[17, 20]",2,[],0,"[17, 20]",2,[],0,"[17, 20]",2,[],0,"[17, 20]",2
9,5,"[26, 56]",2,"[5, 10, 19, 26, 48, 56]",6,"[26, 56]",2,"[5, 10, 19, 26, 48, 56]",6,"[26, 56]",2,"[10, 19, 26, 48, 56]",5,"[26, 56]",2,"[10, 19, 26, 48, 56]",5,[56],1,"[19, 26, 48, 56]",4,"[26, 56]",2,"[10, 19, 26, 48, 56]",5,"[26, 56]",2,"[10, 19, 26, 48, 56]",5,[56],1,"[10, 19, 26, 48, 56]",5,[56],1,"[10, 19, 26, 48, 56]",5,[56],1,"[10, 19, 48, 56]",4,[],0,"[10, 19, 48, 56]",4
9,6,"[22, 47]",2,"[9, 19, 22, 40, 49, 54]",6,"[22, 47]",2,"[9, 19, 22, 40, 49, 54]",6,[22],1,"[9, 19, 22, 40, 49, 54]",6,[22],1,"[9, 19, 22, 40, 49, 54]",6,[22],1,"[9, 19, 22, 40, 49, 54]",6,[],0,"[9, 22, 40, 54]",4,[],0,"[9, 22, 40, 49, 54]",5,[],0,"[9, 22, 40, 49, 54]",5,[],0,"[9, 22, 40, 49]",4,[],0,"[9, 22, 40, 49]",4,[],0,"[22, 40, 49]",3
9,7,"[33, 51, 60]",3,[59],1,"[33, 51, 60]",3,[59],1,[60],1,[],0,"[33, 60]",2,[],0,"[33, 60]",2,[],0,"[33, 60]",2,[],0,"[33, 60]",2,[],0,[60],1,[],0,[33],1,[],0,[],0,[],0,[33],1,[],0
9,8,"[25, 39, 45, 48, 57, 60, 61]",7,"[3, 25, 35, 57, 60, 61]",6,"[25, 39, 45, 48, 57, 60, 61]",7,"[3, 25, 35, 57, 60, 61]",6,"[25, 39, 45, 57, 60, 61]",6,"[3, 25, 57, 60, 61]",5,"[25, 39, 57, 60, 61]",5,"[3, 25, 57, 60, 61]",5,"[39, 45, 57, 60, 61]",5,"[3, 25, 57, 60, 61]",5,"[25, 45, 57, 60]",4,"[3, 25, 57, 60, 61]",5,"[25, 39, 45, 57, 60]",5,"[3, 25, 57, 60, 61]",5,"[25, 45, 57, 60]",4,"[3, 25, 57, 60, 61]",5,"[25, 45, 57, 60]",4,"[3, 25, 57, 61]",4,"[25, 60]",2,"[3, 25, 57, 61]",4,"[25, 60, 61]",3,"[25, 61]",2
9,9,"[6, 11, 12, 14, 15, 50]",6,"[0, 15, 23, 25, 38, 50, 51]",7,"[6, 11, 12, 14, 15, 50]",6,"[0, 15, 23, 25, 38, 50, 51]",7,"[6, 11, 14, 15, 50]",5,"[0, 15, 25, 38, 50, 51]",6,"[6, 11, 14, 15, 50]",5,"[0, 15, 23, 25, 38, 50]",6,"[6, 11, 14, 15, 50]",5,"[0, 15, 25, 38, 50]",5,"[6, 11, 15, 50]",4,"[15, 23, 25, 38]",4,"[6, 11, 15, 50]",4,"[15, 38]",2,"[6, 15, 50]",3,"[15, 38]",2,"[6, 15, 50]",3,"[15, 23, 38]",3,"[15, 50]",2,"[15, 38, 50]",3,"[15, 50]",2,"[15, 50]",2
9,10,"[6, 21, 35, 37]",4,"[6, 9, 13, 14, 21, 35, 37, 57]",8,"[6, 21, 35, 37]",4,"[6, 9, 13, 14, 21, 35, 37, 57]",8,"[6, 35]",2,"[6, 9, 13, 14, 21, 35]",6,"[6, 35]",2,"[6, 9, 13, 14, 21, 35, 57]",7,"[6, 35]",2,"[6, 9, 13, 14, 35]",5,"[6, 35]",2,"[6, 9, 13, 14, 21, 35, 57]",7,[6],1,"[6, 13, 14, 35, 57]",5,[6],1,"[13, 14, 35]",3,"[6, 35]",2,"[13, 14, 35]",3,[],0,"[13, 14]",2,[],0,"[13, 14]",2
9,11,"[38, 40]",2,"[9, 38, 40, 44, 55]",5,"[38, 40]",2,"[9, 38, 40, 44, 55]",5,[38],1,"[9, 38]",2,[38],1,"[9, 38]",2,[38],1,[9],1,[],0,[9],1,[],0,[9],1,[],0,[9],1,[],0,[],0,[],0,[],0,[],0,[],0
10,0,"[36, 39, 43]",3,"[19, 39, 40, 41, 43, 57]",6,"[36, 39, 43]",3,"[19, 39, 40, 41, 43, 57]",6,"[36, 43]",2,"[40, 41, 43]",3,[36],1,"[40, 41, 43]",3,[36],1,"[40, 41, 43]",3,[36],1,"[40, 41, 43]",3,[],0,"[40, 41, 43]",3,[],0,"[40, 43]",2,[],0,"[40, 43]",2,[],0,"[40, 43]",2,[],0,"[19, 40, 43]",3
10,1,"[3, 63]",2,[45],1,"[3, 63]",2,[45],1,"[3, 63]",2,[],0,[63],1,[],0,[63],1,[],0,[63],1,[],0,[63],1,[],0,[63],1,[],0,[63],1,[],0,[],0,[],0,[],0,[],0
10,2,"[26, 35, 51]",3,"[2, 26, 32, 35]",4,"[26, 35, 51]",3,"[2, 26, 32, 35]",4,"[26, 35, 51]",3,"[26, 32, 35]",3,"[26, 35]",2,"[26, 32, 35]",3,"[26, 35]",2,"[26, 35]",2,[35],1,"[26, 35]",2,[35],1,"[26, 35]",2,[26],1,[26],1,[26],1,[26],1,[26],1,[26],1,[],0,[26],1
10,3,"[5, 17, 63]",3,"[5, 26, 63]",3,"[5, 17, 63]",3,"[5, 26, 63]",3,"[5, 17, 63]",3,"[5, 26]",2,"[17, 63]",2,"[5, 26]",2,"[5, 17, 63]",3,"[5, 26]",2,[17],1,"[5, 26]",2,[63],1,[26],1,[],0,"[5, 26]",2,[],0,[26],1,[],0,[],0,[],0,[26],1
10,4,"[47, 49]",2,"[0, 20, 49, 55, 56, 63]",6,"[47, 49]",2,"[0, 20, 49, 55, 56, 63]",6,[49],1,"[0, 20, 49, 55, 56, 63]",6,[49],1,"[0, 20, 55, 56, 63]",5,[],0,"[0, 20, 55, 56, 63]",5,[],0,"[0, 20, 56, 63]",4,[],0,"[0, 20, 56, 63]",4,[],0,"[0, 20, 56, 63]",4,[],0,"[0, 20, 56, 63]",4,[],0,"[20, 63]",2,[],0,"[20, 63]",2
10,5,"[8, 16, 51]",3,"[3, 25, 34, 45, 46]",5,"[8, 16, 51]",3,"[3, 25, 34, 45, 46]",5,"[8, 16, 51]",3,"[3, 25, 45, 46]",4,"[16, 51]",2,"[3, 25, 45, 46]",4,"[16, 51]",2,"[3, 45]",2,[51],1,"[3, 45]",2,[51],1,"[3, 45]",2,[51],1,"[3, 45]",2,[51],1,"[3, 45]",2,[51],1,"[3, 45]",2,[],0,[3],1
10,6,"[25, 30, 55]",3,"[16, 21, 49]",3,"[25, 30, 55]",3,"[16, 21, 49]",3,"[25, 30]",2,"[16, 21, 49]",3,[25],1,"[16, 21, 49]",3,[],0,"[16, 21, 49]",3,[],0,"[16, 21, 49]",3,[],0,"[16, 21, 49]",3,[],0,"[16, 21, 49]",3,[],0,"[16, 21]",2,[],0,"[16, 21]",2,[],0,"[16, 21]",2
10,7,"[25, 45, 50]",3,"[25, 37, 50, 55]",4,"[25, 45, 50]",3,"[25, 37, 50, 55]",4,"[25, 45]",2,"[25, 55]",2,"[25, 45]",2,"[25, 37]",2,[25],1,"[25, 37]",2,[25],1,"[25, 37]",2,[],0,[37],1,[],0,[37],1,[],0,[37],1,[],0,[37],1,[],0,[37],1
10,8,"[6, 10, 49]",3,[25],1,"[6, 10, 49]",3,[25],1,"[6, 10]",2,[],0,"[6, 10]",2,[],0,"[6, 10]",2,[],0,[10],1,[],0,[10],1,[],0,[10],1,[],0,[10],1,[],0,[10],1,[],0,[6],1,[],0
10,9,"[10, 16, 28, 34, 37, 44, 55]",7,"[16, 28, 34, 37]",4,"[10, 16, 28, 34, 37, 44, 55]",7,"[16, 28, 34, 37]",4,"[10, 28, 34, 37, 44, 55]",6,"[16, 28, 34, 37]",4,"[10, 28, 34, 37, 44, 55]",6,"[16, 28, 34, 37]",4,"[10, 16, 28, 34, 37, 55]",6,"[16, 28, 34, 37]",4,"[10, 28, 34, 37, 55]",5,"[16, 28, 34, 37]",4,"[10, 28, 34, 37, 55]",5,"[16, 28, 34, 37]",4,"[10, 28, 34, 37, 55]",5,"[16, 28, 34, 37]",4,"[10, 28, 34, 37, 44, 55]",6,"[28, 34, 37]",3,"[10, 28, 34, 37, 55]",5,"[28, 34]",2,"[34, 44, 55]",3,[34],1
10,10,"[4, 7, 35, 44]",4,"[0, 11, 27, 29, 33, 35, 44]",7,"[4, 7, 35, 44]",4,"[0, 11, 27, 29, 33, 35, 44]",7,"[4, 35]",2,"[11, 33, 35]",3,[35],1,"[11, 33, 35]",3,[35],1,"[11, 33, 35]",3,[35],1,"[11, 33, 35]",3,[35],1,"[11, 33, 35]",3,[35],1,"[11, 33, 35]",3,[35],1,"[11, 33, 35]",3,[35],1,"[11, 33, 35]",3,[],0,"[11, 33]",2
10,11,"[49, 53]",2,"[7, 8, 24, 27, 38, 49]",6,"[49, 53]",2,"[7, 8, 24, 27, 38, 49]",6,[49],1,"[7, 8, 24, 27, 38]",5,[49],1,"[7, 8, 24, 27, 38]",5,[49],1,"[7, 8, 24, 27]",4,[49],1,"[8, 24, 27]",3,[49],1,"[24, 27]",2,[49],1,[24],1,[49],1,[24],1,[49],1,[],0,[],0,[],0
11,0,"[30, 38, 56]",3,"[5, 7, 32, 33, 39, 48, 51, 61]",8,"[30, 38, 56]",3,"[5, 7, 32, 33, 39, 48, 51, 61]",8,"[30, 38, 56]",3,"[5, 7, 33, 39, 48, 51, 61]",7,"[30, 38, 56]",3,"[5, 7, 33, 39, 48, 51, 61]",7,"[30, 38]",2,"[5, 7, 33, 39, 48, 51, 61]",7,"[30, 38]",2,"[5, 7, 33, 39, 48, 51, 61]",7,"[30, 38]",2,"[5, 7, 33, 39, 48, 51, 61]",7,"[30, 38]",2,"[5, 7, 39, 48, 61]",5,"[30, 38]",2,"[5, 7, 39, 48, 51, 61]",6,[],0,"[5, 7, 39, 48, 61]",5,[],0,"[5, 7, 39, 48, 51, 61]",6
11,1,"[30, 47, 49, 61]",4,[21],1,"[30, 47, 49, 61]",4,[21],1,[30],1,[],0,[30],1,[],0,"[30, 61]",2,[],0,[],0,[],0,[],0,[],0,[61],1,[],0,[],0,[],0,[],0,[],0,[],0,[],0
11,2,"[1, 14, 46]",3,"[10, 14, 58]",3,"[1, 14, 46]",3,"[10, 14, 58]",3,"[1, 46]",2,"[10, 14, 58]",3,"[1, 46]",2,"[10, 14, 58]",3,[46],1,"[10, 58]",2,"[1, 46]",2,"[10, 58]",2,"[1, 46]",2,[58],1,[],0,"[10, 58]",2,[1],1,[58],1,[],0,[58],1,[46],1,"[10, 58]",2
11,3,"[27, 57, 60, 61]",4,"[50, 56, 60]",3,"[27, 57, 60, 61]",4,"[50, 56, 60]",3,"[57, 60, 61]",3,"[56, 60]",2,"[57, 60, 61]",3,"[56, 60]",2,"[27, 57, 60, 61]",4,"[56, 60]",2,"[57, 60, 61]",3,"[56, 60]",2,[60],1,"[56, 60]",2,[60],1,"[56, 60]",2,[60],1,"[56, 60]",2,[60],1,[60],1,[],0,[],0
11,4,"[1, 61]",2,"[1, 8, 40, 53]",4,"[1, 61]",2,"[1, 8, 40, 53]",4,"[1, 61]",2,"[1, 8, 40, 53]",4,"[1, 61]",2,"[1, 8, 40]",3,[1],1,"[1, 8, 40]",3,[1],1,"[1, 8, 40]",3,[1],1,"[1, 8, 40]",3,[],0,"[8, 40]",2,[1],1,"[1, 8, 40]",3,[1],1,"[1, 8, 40]",3,[1],1,"[1, 8]",2
11,5,"[14, 20, 32, 41, 46, 52]",6,"[20, 32, 41, 47, 53]",5,"[14, 20, 32, 41, 46, 52]",6,"[20, 32, 41, 47, 53]",5,"[14, 20, 32, 41, 46]",5,"[20, 41]",2,"[14, 20, 32, 41, 46]",5,"[20, 32, 41]",3,"[14, 20, 32, 41, 46]",5,"[20, 32, 41]",3,"[14, 20, 41, 46]",4,"[20, 32, 41]",3,"[14, 20, 41, 46]",4,"[20, 41]",2,"[20, 41, 46]",3,"[20, 41]",2,"[20, 46]",2,"[20, 41]",2,[46],1,[41],1,[41],1,[41],1
11,6,"[3, 5, 15, 16, 17, 20, 39]",7,"[3, 15, 16, 39, 55]",5,"[3, 5, 15, 16, 17, 20, 39]",7,"[3, 15, 16, 39, 55]",5,"[5, 16, 39]",3,"[3, 16, 39, 55]",4,"[5, 16, 20, 39]",4,"[39, 55]",2,[5],1,"[39, 55]",2,"[5, 20]",2,"[39, 55]",2,"[5, 20]",2,[55],1,[20],1,[55],1,[20],1,[55],1,[],0,[55],1,[],0,[55],1
11,7,"[4, 9, 31, 33, 63]",5,"[4, 31]",2,"[4, 9, 31, 33, 63]",5,"[4, 31]",2,"[4, 31]",2,[31],1,[31],1,[31],1,"[31, 63]",2,[31],1,"[31, 33, 63]",3,[31],1,[31],1,[31],1,[31],1,[31],1,[31],1,[31],1,"[31, 33]",2,[31],1,"[31, 33]",2,[31],1
11,8,"[18, 38, 59]",3,"[22, 31, 38, 45, 62]",5,"[18, 38, 59]",3,"[22, 31, 38, 45, 62]",5,"[18, 38, 59]",3,"[22, 38, 45, 62]",4,"[18, 38, 59]",3,"[22, 38, 45, 62]",4,"[18, 59]",2,"[22, 38, 62]",3,[59],1,"[22, 38, 62]",3,[59],1,"[22, 31, 38, 62]",4,[],0,"[22, 62]",2,[],0,"[22, 38, 62]",3,[],0,[62],1,[59],1,[62],1
11,9,"[14, 16, 26, 37, 52]",5,"[3, 5, 12, 26]",4,"[14, 16, 26, 37, 52]",5,"[3, 5, 12, 26]",4,"[14, 16, 26, 37]",4,"[3, 5, 12, 26]",4,"[14, 16, 26, 37]",4,"[3, 5, 12, 26]",4,"[14, 16, 26, 37]",4,"[3, 5, 12, 26]",4,"[14, 26, 37]",3,"[3, 5, 12, 26]",4,"[14, 26, 37]",3,"[3, 5, 12, 26]",4,"[14, 26, 37]",3,"[3, 5, 12, 26]",4,"[14, 26]",2,"[3, 5, 12, 26]",4,[26],1,"[5, 12, 26]",3,[26],1,"[12, 26]",2
11,10,"[14, 19, 54]",3,"[14, 15, 19, 29, 39]",5,"[14, 19, 54]",3,"[14, 15, 19, 29, 39]",5,"[14, 19]",2,"[14, 19, 29, 39]",4,"[14, 19, 54]",3,"[14, 19, 29, 39]",4,"[14, 19, 54]",3,"[14, 19, 29, 39]",4,"[14, 19, 54]",3,"[14, 19, 29, 39]",4,"[14, 19, 54]",3,"[14, 19, 29, 39]",4,"[14, 19]",2,"[14, 19, 29, 39]",4,"[14, 19]",2,"[14, 19, 29, 39]",4,[14],1,"[14, 19, 29]",3,[14],1,"[14, 19, 29]",3
11,11,"[0, 14, 21]",3,"[15, 35, 41]",3,"[0, 14, 21]",3,"[15, 35, 41]",3,"[0, 14, 21]",3,"[15, 35, 41]",3,"[0, 14, 21]",3,[35],1,"[0, 14, 21]",3,[35],1,"[0, 14, 21]",3,[35],1,"[0, 14, 21]",3,[35],1,"[0, 14, 21]",3,[35],1,[],0,[35],1,[],0,[],0,[],0,[],0